 352	FT911-3246	1	0.199932
 352	FT911-3618	2	0.160101
 352	FT911-437	3	0.156144
 352	FT911-4701	4	0.149729
 352	FT911-3866	5	0.130029
 352	FT911-1087	6	0.119075
 352	FT911-3772	7	0.117265
 352	FT911-2510	8	0.115253
 352	FT911-63	9	0.113495
 352	FT911-3886	10	0.110622
 352	FT911-2332	11	0.110611
 352	FT911-5179	12	0.109930
 352	FT911-2267	13	0.108752
 352	FT911-2549	14	0.108158
 352	FT911-4818	15	0.103933
 352	FT911-4247	16	0.102002
 352	FT911-2751	17	0.100721
 352	FT911-91	18	0.100444
 352	FT911-3858	19	0.096093
 352	FT911-3053	20	0.090106
 352	FT911-1174	21	0.088213
 352	FT911-2222	22	0.088201
 352	FT911-2138	23	0.087713
 352	FT911-1668	24	0.087228
 352	FT911-2581	25	0.084690
 352	FT911-3710	26	0.083248
 352	FT911-417	27	0.083038
 352	FT911-4687	28	0.081520
 352	FT911-2046	29	0.081012
 352	FT911-4447	30	0.080475
 352	FT911-1563	31	0.078940
 352	FT911-1582	32	0.078628
 352	FT911-1674	33	0.078109
 352	FT911-1768	34	0.077953
 352	FT911-1872	35	0.077431
 352	FT911-4339	36	0.077157
 352	FT911-2002	37	0.074865
 352	FT911-3387	38	0.073600
 352	FT911-5096	39	0.072458
 352	FT911-2599	40	0.071931
 352	FT911-5027	41	0.070802
 352	FT911-3106	42	0.070736
 352	FT911-2281	43	0.070382
 352	FT911-3673	44	0.068601
 352	FT911-4606	45	0.067999
 352	FT911-259	46	0.067916
 352	FT911-5356	47	0.067679
 352	FT911-4033	48	0.067299
 352	FT911-2832	49	0.066876
 352	FT911-3651	50	0.066755
 352	FT911-3370	51	0.066548
 352	FT911-5072	52	0.066469
 352	FT911-519	53	0.066352
 352	FT911-413	54	0.065987
 352	FT911-2740	55	0.065461
 352	FT911-2560	56	0.065257
 352	FT911-4561	57	0.063548
 352	FT911-2803	58	0.063288
 352	FT911-3923	59	0.063067
 352	FT911-4769	60	0.062601
 352	FT911-3132	61	0.062244
 352	FT911-851	62	0.061936
 352	FT911-2093	63	0.061433
 352	FT911-2280	64	0.060845
 352	FT911-1194	65	0.060636
 352	FT911-4348	66	0.060500
 352	FT911-2622	67	0.060413
 352	FT911-2005	68	0.060228
 352	FT911-4591	69	0.059824
 352	FT911-4050	70	0.059784
 352	FT911-4569	71	0.058460
 352	FT911-2306	72	0.058043
 352	FT911-3393	73	0.057437
 352	FT911-535	74	0.057425
 352	FT911-3278	75	0.056556
 352	FT911-900	76	0.056533
 352	FT911-5189	77	0.056333
 352	FT911-2882	78	0.056237
 352	FT911-4009	79	0.055942
 352	FT911-801	80	0.055348
 352	FT911-39	81	0.055142
 352	FT911-1462	82	0.054671
 352	FT911-4762	83	0.054571
 352	FT911-2116	84	0.054420
 352	FT911-1384	85	0.054304
 352	FT911-3478	86	0.054112
 352	FT911-2014	87	0.054003
 352	FT911-4798	88	0.053726
 352	FT911-1529	89	0.053351
 352	FT911-3662	90	0.053301
 352	FT911-289	91	0.053183
 352	FT911-2052	92	0.053072
 352	FT911-4948	93	0.052993
 352	FT911-2530	94	0.052893
 352	FT911-3708	95	0.052507
 352	FT911-4665	96	0.052372
 352	FT911-4227	97	0.052341
 352	FT911-2095	98	0.052248
 352	FT911-4345	99	0.052233
 352	FT911-328	100	0.052169
 352	FT911-2154	101	0.052052
 352	FT911-635	102	0.052037
 352	FT911-3522	103	0.051852
 352	FT911-2934	104	0.051718
 352	FT911-834	105	0.051696
 352	FT911-3059	106	0.051391
 352	FT911-3414	107	0.050789
 352	FT911-3922	108	0.050559
 352	FT911-910	109	0.050531
 352	FT911-3630	110	0.050452
 352	FT911-705	111	0.050309
 352	FT911-1362	112	0.049776
 352	FT911-3605	113	0.049633
 352	FT911-5153	114	0.049347
 352	FT911-3561	115	0.049231
 352	FT911-2931	116	0.049072
 352	FT911-5249	117	0.048923
 352	FT911-3133	118	0.048813
 352	FT911-3345	119	0.048764
 352	FT911-1436	120	0.048724
 352	FT911-1619	121	0.048634
 352	FT911-2635	122	0.048559
 352	FT911-4321	123	0.048395
 352	FT911-2580	124	0.048371
 352	FT911-1512	125	0.048202
 352	FT911-331	126	0.047970
 352	FT911-3339	127	0.047924
 352	FT911-4821	128	0.047912
 352	FT911-440	129	0.047900
 352	FT911-4044	130	0.047777
 352	FT911-4896	131	0.047654
 352	FT911-4812	132	0.047648
 352	FT911-1857	133	0.047240
 352	FT911-4814	134	0.047163
 352	FT911-552	135	0.047122
 352	FT911-4914	136	0.047029
 352	FT911-2756	137	0.047006
 352	FT911-3153	138	0.046975
 352	FT911-951	139	0.046944
 352	FT911-3635	140	0.046873
 352	FT911-3135	141	0.046822
 352	FT911-3432	142	0.046767
 352	FT911-2874	143	0.046755
 352	FT911-279	144	0.046606
 352	FT911-967	145	0.046414
 352	FT911-5022	146	0.046341
 352	FT911-5019	147	0.046338
 352	FT911-2767	148	0.046313
 352	FT911-3535	149	0.046203
 352	FT911-2176	150	0.046136
 352	FT911-1031	151	0.046121
 352	FT911-2584	152	0.045552
 352	FT911-3700	153	0.045545
 352	FT911-4421	154	0.045498
 352	FT911-4942	155	0.045170
 352	FT911-2451	156	0.045124
 352	FT911-338	157	0.044882
 352	FT911-1888	158	0.044649
 352	FT911-586	159	0.044593
 352	FT911-3261	160	0.044373
 352	FT911-2018	161	0.044252
 352	FT911-2569	162	0.044234
 352	FT911-2383	163	0.044160
 352	FT911-4783	164	0.044159
 352	FT911-802	165	0.044140
 352	FT911-2192	166	0.043978
 352	FT911-2634	167	0.043672
 352	FT911-3947	168	0.043570
 352	FT911-3540	169	0.043202
 352	FT911-478	170	0.043140
 352	FT911-4767	171	0.043017
 352	FT911-3681	172	0.042963
 352	FT911-2639	173	0.042900
 352	FT911-1901	174	0.042697
 352	FT911-3933	175	0.042592
 352	FT911-4579	176	0.042521
 352	FT911-1438	177	0.042423
 352	FT911-2948	178	0.042315
 352	FT911-2779	179	0.042215
 352	FT911-1576	180	0.042192
 352	FT911-4125	181	0.042134
 352	FT911-3349	182	0.042127
 352	FT911-306	183	0.042047
 352	FT911-3052	184	0.041998
 352	FT911-565	185	0.041949
 352	FT911-42	186	0.041925
 352	FT911-1122	187	0.041834
 352	FT911-650	188	0.041705
 352	FT911-857	189	0.041678
 352	FT911-5200	190	0.041416
 352	FT911-3149	191	0.041160
 352	FT911-2407	192	0.041095
 352	FT911-2573	193	0.040940
 352	FT911-1828	194	0.040931
 352	FT911-2453	195	0.040915
 352	FT911-721	196	0.040699
 352	FT911-783	197	0.040565
 352	FT911-2718	198	0.040530
 352	FT911-5063	199	0.040444
 352	FT911-3775	200	0.040407
 352	FT911-4727	201	0.040309
 352	FT911-625	202	0.040267
 352	FT911-2461	203	0.040117
 352	FT911-3529	204	0.040073
 352	FT911-4074	205	0.039746
 352	FT911-977	206	0.039578
 352	FT911-2644	207	0.039542
 352	FT911-3265	208	0.039508
 352	FT911-3503	209	0.039437
 352	FT911-4120	210	0.039402
 352	FT911-5085	211	0.039220
 352	FT911-4438	212	0.039157
 352	FT911-1243	213	0.038979
 352	FT911-2054	214	0.038937
 352	FT911-555	215	0.038925
 352	FT911-4636	216	0.038868
 352	FT911-3968	217	0.038861
 352	FT911-3767	218	0.038841
 352	FT911-5098	219	0.038657
 352	FT911-506	220	0.038625
 352	FT911-4119	221	0.038584
 352	FT911-4864	222	0.038556
 352	FT911-3938	223	0.038305
 352	FT911-1856	224	0.038068
 352	FT911-4641	225	0.038027
 352	FT911-2405	226	0.037988
 352	FT911-4337	227	0.037970
 352	FT911-1766	228	0.037896
 352	FT911-5238	229	0.037798
 352	FT911-3215	230	0.037794
 352	FT911-2831	231	0.037736
 352	FT911-3905	232	0.037651
 352	FT911-2289	233	0.037532
 352	FT911-4270	234	0.037490
 352	FT911-1	235	0.037460
 352	FT911-3688	236	0.037300
 352	FT911-1488	237	0.037170
 352	FT911-1930	238	0.037160
 352	FT911-429	239	0.036948
 352	FT911-3853	240	0.036848
 352	FT911-3269	241	0.036772
 352	FT911-3079	242	0.036677
 352	FT911-2828	243	0.036596
 352	FT911-4772	244	0.036507
 352	FT911-1918	245	0.036459
 352	FT911-2514	246	0.036445
 352	FT911-2919	247	0.036403
 352	FT911-3091	248	0.036394
 352	FT911-1499	249	0.036262
 352	FT911-3157	250	0.036105
 352	FT911-2876	251	0.036103
 352	FT911-3170	252	0.035877
 352	FT911-4887	253	0.035806
 352	FT911-4017	254	0.035515
 352	FT911-1892	255	0.035510
 352	FT911-916	256	0.035494
 352	FT911-3818	257	0.035464
 352	FT911-4193	258	0.035335
 352	FT911-540	259	0.035318
 352	FT911-908	260	0.035294
 352	FT911-1578	261	0.035279
 352	FT911-2540	262	0.035069
 352	FT911-3521	263	0.034869
 352	FT911-460	264	0.034807
 352	FT911-4309	265	0.034796
 352	FT911-680	266	0.034686
 352	FT911-4792	267	0.034640
 352	FT911-4293	268	0.034605
 352	FT911-5319	269	0.034343
 352	FT911-4328	270	0.034128
 352	FT911-2300	271	0.033965
 352	FT911-5281	272	0.033910
 352	FT911-4311	273	0.033896
 352	FT911-787	274	0.033822
 352	FT911-2621	275	0.033786
 352	FT911-3727	276	0.033758
 352	FT911-3534	277	0.033716
 352	FT911-1102	278	0.033647
 352	FT911-1666	279	0.033598
 352	FT911-274	280	0.033586
 352	FT911-2145	281	0.033547
 352	FT911-3220	282	0.033460
 352	FT911-4741	283	0.033430
 352	FT911-4031	284	0.033412
 352	FT911-404	285	0.033408
 352	FT911-3632	286	0.033336
 352	FT911-4362	287	0.033101
 352	FT911-2929	288	0.033098
 352	FT911-659	289	0.033096
 352	FT911-399	290	0.033004
 352	FT911-1921	291	0.032970
 352	FT911-5245	292	0.032956
 352	FT911-3358	293	0.032926
 352	FT911-4067	294	0.032821
 352	FT911-3753	295	0.032799
 352	FT911-1062	296	0.032746
 352	FT911-2723	297	0.032719
 352	FT911-125	298	0.032633
 352	FT911-4019	299	0.032626
 352	FT911-4372	300	0.032467
 352	FT911-3241	301	0.032425
 352	FT911-4381	302	0.032380
 352	FT911-1712	303	0.032379
 352	FT911-3641	304	0.032360
 352	FT911-2201	305	0.032307
 352	FT911-791	306	0.032303
 352	FT911-433	307	0.032242
 352	FT911-2968	308	0.032213
 352	FT911-533	309	0.032153
 352	FT911-2290	310	0.032115
 352	FT911-4816	311	0.032066
 352	FT911-854	312	0.032042
 352	FT911-4961	313	0.032035
 352	FT911-3191	314	0.031941
 352	FT911-3761	315	0.031741
 352	FT911-4649	316	0.031660
 352	FT911-3786	317	0.031584
 352	FT911-1774	318	0.031394
 352	FT911-1360	319	0.031333
 352	FT911-3259	320	0.031326
 352	FT911-2572	321	0.031025
 352	FT911-2616	322	0.030941
 352	FT911-182	323	0.030910
 352	FT911-2798	324	0.030811
 352	FT911-4784	325	0.030807
 352	FT911-1260	326	0.030792
 352	FT911-563	327	0.030778
 352	FT911-4608	328	0.030705
 352	FT911-1067	329	0.030629
 352	FT911-530	330	0.030532
 352	FT911-156	331	0.030500
 352	FT911-4164	332	0.030458
 352	FT911-1222	333	0.030366
 352	FT911-2180	334	0.030077
 352	FT911-3910	335	0.030034
 352	FT911-1491	336	0.030002
 352	FT911-4479	337	0.029963
 352	FT911-265	338	0.029889
 352	FT911-2971	339	0.029862
 352	FT911-4668	340	0.029619
 352	FT911-1986	341	0.029619
 352	FT911-3169	342	0.029323
 352	FT911-2388	343	0.029318
 352	FT911-794	344	0.029313
 352	FT911-2107	345	0.029259
 352	FT911-3745	346	0.029160
 352	FT911-4859	347	0.029155
 352	FT911-2672	348	0.029140
 352	FT911-3638	349	0.029108
 352	FT911-765	350	0.029084
 352	FT911-3254	351	0.029069
 352	FT911-2387	352	0.029004
 352	FT911-664	353	0.028991
 352	FT911-2916	354	0.028970
 352	FT911-3104	355	0.028799
 352	FT911-4595	356	0.028736
 352	FT911-4564	357	0.028678
 352	FT911-4588	358	0.028475
 352	FT911-4216	359	0.028345
 352	FT911-3949	360	0.028309
 352	FT911-1089	361	0.028246
 352	FT911-2271	362	0.028155
 352	FT911-281	363	0.028112
 352	FT911-1318	364	0.028105
 352	FT911-335	365	0.028055
 352	FT911-5246	366	0.027917
 352	FT911-105	367	0.027878
 352	FT911-4620	368	0.027843
 352	FT911-1941	369	0.027795
 352	FT911-870	370	0.027678
 352	FT911-4958	371	0.027635
 352	FT911-4040	372	0.027594
 352	FT911-1297	373	0.027497
 352	FT911-5332	374	0.027475
 352	FT911-4036	375	0.027429
 352	FT911-1065	376	0.027427
 352	FT911-2292	377	0.027221
 352	FT911-1066	378	0.027112
 352	FT911-3867	379	0.027104
 352	FT911-5353	380	0.027086
 352	FT911-2205	381	0.027045
 352	FT911-738	382	0.026801
 352	FT911-3491	383	0.026613
 352	FT911-2763	384	0.026488
 352	FT911-3751	385	0.026414
 352	FT911-95	386	0.026411
 352	FT911-277	387	0.026235
 352	FT911-2528	388	0.026228
 352	FT911-3718	389	0.026228
 352	FT911-4841	390	0.026210
 352	FT911-137	391	0.026167
 352	FT911-3733	392	0.026086
 352	FT911-1247	393	0.025981
 352	FT911-56	394	0.025859
 352	FT911-4836	395	0.025802
 352	FT911-982	396	0.025685
 352	FT911-3966	397	0.025664
 352	FT911-3975	398	0.025578
 352	FT911-2179	399	0.025432
 352	FT911-1374	400	0.025387
 352	FT911-21	401	0.025280
 352	FT911-5074	402	0.025277
 352	FT911-251	403	0.025268
 352	FT911-4043	404	0.025221
 352	FT911-419	405	0.025204
 352	FT911-341	406	0.025203
 352	FT911-4786	407	0.025180
 352	FT911-2468	408	0.025164
 352	FT911-4643	409	0.025133
 352	FT911-3493	410	0.025132
 352	FT911-5248	411	0.025117
 352	FT911-2334	412	0.025114
 352	FT911-1400	413	0.025089
 352	FT911-3833	414	0.025075
 352	FT911-352	415	0.024969
 352	FT911-3367	416	0.024887
 352	FT911-4980	417	0.024833
 352	FT911-1615	418	0.024812
 352	FT911-2457	419	0.024799
 352	FT911-3956	420	0.024775
 352	FT911-194	421	0.024705
 352	FT911-4944	422	0.024622
 352	FT911-46	423	0.024602
 352	FT911-5077	424	0.024570
 352	FT911-4261	425	0.024518
 352	FT911-2835	426	0.024446
 352	FT911-3850	427	0.024432
 352	FT911-1261	428	0.024420
 352	FT911-4066	429	0.024355
 352	FT911-2618	430	0.024320
 352	FT911-4970	431	0.024314
 352	FT911-5269	432	0.024281
 352	FT911-5270	433	0.024272
 352	FT911-1689	434	0.024268
 352	FT911-1198	435	0.024188
 352	FT911-1407	436	0.024180
 352	FT911-3978	437	0.024174
 352	FT911-4095	438	0.024142
 352	FT911-663	439	0.024116
 352	FT911-4112	440	0.024095
 352	FT911-2060	441	0.024026
 352	FT911-2652	442	0.023958
 352	FT911-3302	443	0.023952
 352	FT911-3509	444	0.023944
 352	FT911-3645	445	0.023923
 352	FT911-131	446	0.023891
 352	FT911-1325	447	0.023838
 352	FT911-481	448	0.023824
 352	FT911-746	449	0.023765
 352	FT911-3372	450	0.023601
 352	FT911-924	451	0.023510
 352	FT911-3783	452	0.023465
 352	FT911-3229	453	0.023450
 352	FT911-4385	454	0.023382
 352	FT911-1518	455	0.023362
 352	FT911-4317	456	0.023359
 352	FT911-1275	457	0.023326
 352	FT911-4748	458	0.023323
 352	FT911-4559	459	0.023232
 352	FT911-3785	460	0.023216
 352	FT911-3713	461	0.023209
 352	FT911-4962	462	0.023179
 352	FT911-902	463	0.023153
 352	FT911-253	464	0.023096
 352	FT911-4645	465	0.023075
 352	FT911-1863	466	0.023057
 352	FT911-2114	467	0.023014
 352	FT911-60	468	0.022958
 352	FT911-1694	469	0.022934
 352	FT911-992	470	0.022915
 352	FT911-968	471	0.022907
 352	FT911-1135	472	0.022878
 352	FT911-3525	473	0.022826
 352	FT911-3746	474	0.022789
 352	FT911-3438	475	0.022787
 352	FT911-3194	476	0.022738
 352	FT911-2843	477	0.022712
 352	FT911-3929	478	0.022682
 352	FT911-5015	479	0.022671
 352	FT911-3731	480	0.022656
 352	FT911-1760	481	0.022645
 352	FT911-1651	482	0.022611
 352	FT911-3276	483	0.022542
 352	FT911-5343	484	0.022541
 352	FT911-1444	485	0.022539
 352	FT911-4778	486	0.022495
 352	FT911-1587	487	0.022397
 352	FT911-2423	488	0.022262
 352	FT911-5295	489	0.022255
 352	FT911-3895	490	0.022231
 352	FT911-736	491	0.022214
 352	FT911-2048	492	0.022163
 352	FT911-2853	493	0.022159
 352	FT911-4519	494	0.022100
 352	FT911-3936	495	0.021961
 352	FT911-2415	496	0.021953
 352	FT911-3410	497	0.021894
 352	FT911-3527	498	0.021817
 352	FT911-5186	499	0.021769
 352	FT911-842	500	0.021710
 352	FT911-859	501	0.021701
 352	FT911-510	502	0.021698
 352	FT911-3288	503	0.021687
 352	FT911-4637	504	0.021666
 352	FT911-4571	505	0.021643
 352	FT911-3976	506	0.021579
 352	FT911-2991	507	0.021499
 352	FT911-1124	508	0.021487
 352	FT911-4202	509	0.021481
 352	FT911-4949	510	0.021445
 352	FT911-5221	511	0.021312
 352	FT911-3661	512	0.021291
 352	FT911-53	513	0.021281
 352	FT911-1869	514	0.021244
 352	FT911-3233	515	0.021175
 352	FT911-4986	516	0.021165
 352	FT911-2942	517	0.021113
 352	FT911-1919	518	0.021024
 352	FT911-84	519	0.020986
 352	FT911-3006	520	0.020965
 352	FT911-3332	521	0.020958
 352	FT911-4225	522	0.020920
 352	FT911-3109	523	0.020902
 352	FT911-4735	524	0.020900
 352	FT911-1114	525	0.020893
 352	FT911-3581	526	0.020870
 352	FT911-682	527	0.020813
 352	FT911-520	528	0.020790
 352	FT911-613	529	0.020646
 352	FT911-2699	530	0.020634
 352	FT911-1003	531	0.020613
 352	FT911-3441	532	0.020587
 352	FT911-2066	533	0.020560
 352	FT911-3168	534	0.020555
 352	FT911-2183	535	0.020398
 352	FT911-2742	536	0.020386
 352	FT911-2032	537	0.020345
 352	FT911-4860	538	0.020274
 352	FT911-2741	539	0.020242
 352	FT911-853	540	0.020230
 352	FT911-4856	541	0.020180
 352	FT911-5345	542	0.020042
 352	FT911-3050	543	0.019975
 352	FT911-2700	544	0.019915
 352	FT911-1148	545	0.019915
 352	FT911-3960	546	0.019894
 352	FT911-2654	547	0.019846
 352	FT911-4951	548	0.019837
 352	FT911-4103	549	0.019828
 352	FT911-808	550	0.019828
 352	FT911-4048	551	0.019824
 352	FT911-4862	552	0.019766
 352	FT911-5178	553	0.019760
 352	FT911-1427	554	0.019753
 352	FT911-4469	555	0.019699
 352	FT911-2279	556	0.019697
 352	FT911-2131	557	0.019623
 352	FT911-435	558	0.019614
 352	FT911-821	559	0.019606
 352	FT911-4132	560	0.019572
 352	FT911-3494	561	0.019531
 352	FT911-2970	562	0.019498
 352	FT911-1675	563	0.019445
 352	FT911-241	564	0.019429
 352	FT911-4172	565	0.019404
 352	FT911-1790	566	0.019393
 352	FT911-4903	567	0.019303
 352	FT911-4937	568	0.019296
 352	FT911-1566	569	0.019275
 352	FT911-3159	570	0.019275
 352	FT911-1595	571	0.019194
 352	FT911-2518	572	0.019166
 352	FT911-2617	573	0.019159
 352	FT911-3165	574	0.019146
 352	FT911-1490	575	0.019133
 352	FT911-1078	576	0.019119
 352	FT911-2273	577	0.019101
 352	FT911-2380	578	0.018934
 352	FT911-1218	579	0.018932
 352	FT911-4518	580	0.018915
 352	FT911-2206	581	0.018903
 352	FT911-4947	582	0.018893
 352	FT911-2126	583	0.018867
 352	FT911-5058	584	0.018820
 352	FT911-2166	585	0.018780
 352	FT911-5261	586	0.018760
 352	FT911-614	587	0.018734
 352	FT911-5340	588	0.018732
 352	FT911-804	589	0.018716
 352	FT911-2551	590	0.018704
 352	FT911-753	591	0.018655
 352	FT911-4799	592	0.018646
 352	FT911-2801	593	0.018622
 352	FT911-3354	594	0.018547
 352	FT911-2602	595	0.018526
 352	FT911-2648	596	0.018524
 352	FT911-2373	597	0.018401
 352	FT911-499	598	0.018381
 352	FT911-3542	599	0.018379
 352	FT911-3164	600	0.018377
 352	FT911-5143	601	0.018287
 352	FT911-2570	602	0.018247
 352	FT911-477	603	0.018188
 352	FT911-1378	604	0.018163
 352	FT911-3437	605	0.018161
 352	FT911-1481	606	0.018112
 352	FT911-654	607	0.017930
 352	FT911-5265	608	0.017923
 352	FT911-366	609	0.017906
 352	FT911-2284	610	0.017838
 352	FT911-2375	611	0.017820
 352	FT911-2087	612	0.017815
 352	FT911-5180	613	0.017802
 352	FT911-3373	614	0.017751
 352	FT911-5053	615	0.017702
 352	FT911-2395	616	0.017631
 352	FT911-658	617	0.017606
 352	FT911-1370	618	0.017602
 352	FT911-1671	619	0.017590
 352	FT911-872	620	0.017586
 352	FT911-4251	621	0.017516
 352	FT911-750	622	0.017472
 352	FT911-1192	623	0.017416
 352	FT911-2951	624	0.017413
 352	FT911-3280	625	0.017377
 352	FT911-4642	626	0.017248
 352	FT911-369	627	0.017244
 352	FT911-1372	628	0.017202
 352	FT911-75	629	0.017161
 352	FT911-495	630	0.017145
 352	FT911-1845	631	0.017117
 352	FT911-3385	632	0.017091
 352	FT911-5323	633	0.016988
 352	FT911-2270	634	0.016987
 352	FT911-1695	635	0.016963
 352	FT911-3100	636	0.016938
 352	FT911-2125	637	0.016935
 352	FT911-4163	638	0.016929
 352	FT911-4114	639	0.016920
 352	FT911-619	640	0.016916
 352	FT911-374	641	0.016891
 352	FT911-3038	642	0.016840
 352	FT911-1496	643	0.016819
 352	FT911-256	644	0.016783
 352	FT911-255	645	0.016778
 352	FT911-1617	646	0.016778
 352	FT911-2772	647	0.016726
 352	FT911-500	648	0.016716
 352	FT911-4889	649	0.016679
 352	FT911-4057	650	0.016644
 352	FT911-284	651	0.016631
 352	FT911-1437	652	0.016603
 352	FT911-4207	653	0.016597
 352	FT911-4129	654	0.016559
 352	FT911-2693	655	0.016529
 352	FT911-3312	656	0.016525
 352	FT911-4059	657	0.016524
 352	FT911-2164	658	0.016485
 352	FT911-3864	659	0.016471
 352	FT911-2484	660	0.016452
 352	FT911-2864	661	0.016450
 352	FT911-2657	662	0.016425
 352	FT911-1201	663	0.016421
 352	FT911-2082	664	0.016406
 352	FT911-5273	665	0.016402
 352	FT911-2152	666	0.016380
 352	FT911-3009	667	0.016277
 352	FT911-3371	668	0.016277
 352	FT911-1581	669	0.016178
 352	FT911-2349	670	0.016167
 352	FT911-4928	671	0.016145
 352	FT911-4344	672	0.016141
 352	FT911-473	673	0.016050
 352	FT911-4177	674	0.016009
 352	FT911-3024	675	0.015962
 352	FT911-3948	676	0.015945
 352	FT911-307	677	0.015925
 352	FT911-2722	678	0.015925
 352	FT911-2459	679	0.015846
 352	FT911-5069	680	0.015835
 352	FT911-1373	681	0.015809
 352	FT911-3951	682	0.015790
 352	FT911-5188	683	0.015761
 352	FT911-3510	684	0.015747
 352	FT911-1553	685	0.015721
 352	FT911-4946	686	0.015679
 352	FT911-346	687	0.015658
 352	FT911-1934	688	0.015656
 352	FT911-134	689	0.015637
 352	FT911-624	690	0.015628
 352	FT911-3152	691	0.015614
 352	FT911-4195	692	0.015576
 352	FT911-55	693	0.015570
 352	FT911-1664	694	0.015554
 352	FT911-133	695	0.015531
 352	FT911-1091	696	0.015421
 352	FT911-760	697	0.015402
 352	FT911-2196	698	0.015395
 352	FT911-3134	699	0.015387
 352	FT911-4003	700	0.015352
 352	FT911-3921	701	0.015328
 352	FT911-3973	702	0.015241
 352	FT911-3562	703	0.015219
 352	FT911-5196	704	0.015209
 352	FT911-3459	705	0.015189
 352	FT911-5352	706	0.015177
 352	FT911-5349	707	0.015169
 352	FT911-3724	708	0.015152
 352	FT911-3595	709	0.015125
 352	FT911-1002	710	0.015082
 352	FT911-3095	711	0.015015
 352	FT911-875	712	0.014968
 352	FT911-828	713	0.014957
 352	FT911-2062	714	0.014955
 352	FT911-800	715	0.014893
 352	FT911-2669	716	0.014884
 352	FT911-2750	717	0.014883
 352	FT911-3972	718	0.014826
 352	FT911-4192	719	0.014824
 352	FT911-4380	720	0.014819
 352	FT911-2785	721	0.014816
 352	FT911-3462	722	0.014812
 352	FT911-1964	723	0.014758
 352	FT911-3369	724	0.014695
 352	FT911-97	725	0.014670
 352	FT911-606	726	0.014663
 352	FT911-1104	727	0.014639
 352	FT911-3446	728	0.014612
 352	FT911-1614	729	0.014577
 352	FT911-632	730	0.014565
 352	FT911-1879	731	0.014549
 352	FT911-2520	732	0.014532
 352	FT911-1266	733	0.014525
 352	FT911-660	734	0.014520
 352	FT911-4176	735	0.014414
 352	FT911-2660	736	0.014381
 352	FT911-4734	737	0.014374
 352	FT911-3243	738	0.014325
 352	FT911-2552	739	0.014317
 352	FT911-5101	740	0.014293
 352	FT911-4835	741	0.014286
 352	FT911-3981	742	0.014279
 352	FT911-537	743	0.014269
 352	FT911-4531	744	0.014262
 352	FT911-2650	745	0.014084
 352	FT911-584	746	0.014078
 352	FT911-4386	747	0.014061
 352	FT911-1043	748	0.014041
 352	FT911-5054	749	0.014041
 352	FT911-4310	750	0.013931
 352	FT911-4888	751	0.013916
 352	FT911-1652	752	0.013910
 352	FT911-925	753	0.013906
 352	FT911-2015	754	0.013867
 352	FT911-3289	755	0.013848
 352	FT911-3458	756	0.013840
 352	FT911-3887	757	0.013819
 352	FT911-4599	758	0.013814
 352	FT911-661	759	0.013792
 352	FT911-1230	760	0.013727
 352	FT911-1210	761	0.013726
 352	FT911-2042	762	0.013709
 352	FT911-1352	763	0.013675
 352	FT911-5033	764	0.013640
 352	FT911-3344	765	0.013637
 352	FT911-1691	766	0.013572
 352	FT911-3692	767	0.013561
 352	FT911-601	768	0.013557
 352	FT911-1418	769	0.013528
 352	FT911-4223	770	0.013480
 352	FT911-3868	771	0.013477
 352	FT911-1353	772	0.013462
 352	FT911-2460	773	0.013417
 352	FT911-458	774	0.013414
 352	FT911-4352	775	0.013412
 352	FT911-4858	776	0.013243
 352	FT911-348	777	0.013239
 352	FT911-1134	778	0.013233
 352	FT911-2720	779	0.013218
 352	FT911-1868	780	0.013215
 352	FT911-3322	781	0.013214
 352	FT911-1885	782	0.013195
 352	FT911-3758	783	0.013188
 352	FT911-1337	784	0.013115
 352	FT911-5278	785	0.013114
 352	FT911-377	786	0.013000
 352	FT911-4383	787	0.012984
 352	FT911-847	788	0.012974
 352	FT911-5076	789	0.012972
 352	FT911-4776	790	0.012972
 352	FT911-3253	791	0.012945
 352	FT911-3985	792	0.012926
 352	FT911-208	793	0.012882
 352	FT911-5091	794	0.012878
 352	FT911-3977	795	0.012823
 352	FT911-1223	796	0.012790
 352	FT911-2796	797	0.012783
 352	FT911-3017	798	0.012623
 352	FT911-976	799	0.012607
 352	FT911-4601	800	0.012601
 352	FT911-1804	801	0.012591
 352	FT911-655	802	0.012583
 352	FT911-2391	803	0.012580
 352	FT911-3379	804	0.012542
 352	FT911-4060	805	0.012538
 352	FT911-1200	806	0.012473
 352	FT911-54	807	0.012451
 352	FT911-115	808	0.012400
 352	FT911-2954	809	0.012394
 352	FT911-2223	810	0.012388
 352	FT911-389	811	0.012364
 352	FT911-1098	812	0.012301
 352	FT911-400	813	0.012292
 352	FT911-4589	814	0.012286
 352	FT911-608	815	0.012286
 352	FT911-213	816	0.012270
 352	FT911-3546	817	0.012264
 352	FT911-1482	818	0.012166
 352	FT911-141	819	0.012158
 352	FT911-4092	820	0.012147
 352	FT911-2936	821	0.012127
 352	FT911-5185	822	0.012114
 352	FT911-2949	823	0.012068
 352	FT911-2711	824	0.012029
 352	FT911-2858	825	0.012029
 352	FT911-1207	826	0.012010
 352	FT911-2218	827	0.011984
 352	FT911-1944	828	0.011959
 352	FT911-4239	829	0.011930
 352	FT911-1682	830	0.011930
 352	FT911-2896	831	0.011893
 352	FT911-2197	832	0.011889
 352	FT911-2260	833	0.011880
 352	FT911-2028	834	0.011830
 352	FT911-4640	835	0.011804
 352	FT911-4118	836	0.011762
 352	FT911-1663	837	0.011722
 352	FT911-2144	838	0.011712
 352	FT911-2185	839	0.011699
 352	FT911-4016	840	0.011650
 352	FT911-3144	841	0.011643
 352	FT911-4315	842	0.011606
 352	FT911-1492	843	0.011604
 352	FT911-4597	844	0.011557
 352	FT911-48	845	0.011552
 352	FT911-1575	846	0.011520
 352	FT911-2866	847	0.011517
 352	FT911-2645	848	0.011491
 352	FT911-397	849	0.011461
 352	FT911-4582	850	0.011447
 352	FT911-1539	851	0.011446
 352	FT911-3606	852	0.011432
 352	FT911-401	853	0.011403
 352	FT911-1943	854	0.011396
 352	FT911-5239	855	0.011352
 352	FT911-5342	856	0.011332
 352	FT911-371	857	0.011316
 352	FT911-1634	858	0.011298
 352	FT911-3249	859	0.011234
 352	FT911-2996	860	0.011227
 352	FT911-932	861	0.011197
 352	FT911-490	862	0.011196
 352	FT911-1199	863	0.011139
 352	FT911-994	864	0.011094
 352	FT911-4638	865	0.011073
 352	FT911-4258	866	0.011064
 352	FT911-3891	867	0.011042
 352	FT911-2029	868	0.011041
 352	FT911-798	869	0.011027
 352	FT911-2519	870	0.010997
 352	FT911-5130	871	0.010977
 352	FT911-1315	872	0.010954
 352	FT911-2376	873	0.010895
 352	FT911-1771	874	0.010894
 352	FT911-78	875	0.010882
 352	FT911-3642	876	0.010861
 352	FT911-2473	877	0.010861
 352	FT911-2800	878	0.010854
 352	FT911-5275	879	0.010847
 352	FT911-5080	880	0.010816
 352	FT911-1550	881	0.010793
 352	FT911-788	882	0.010781
 352	FT911-2371	883	0.010781
 352	FT911-3361	884	0.010712
 352	FT911-585	885	0.010618
 352	FT911-2774	886	0.010571
 352	FT911-2952	887	0.010534
 352	FT911-5156	888	0.010513
 352	FT911-4747	889	0.010509
 352	FT911-766	890	0.010508
 352	FT911-2915	891	0.010498
 352	FT911-4076	892	0.010495
 352	FT911-252	893	0.010471
 352	FT911-2041	894	0.010460
 352	FT911-2286	895	0.010455
 352	FT911-3545	896	0.010329
 352	FT911-5337	897	0.010310
 352	FT911-1573	898	0.010296
 352	FT911-2343	899	0.010252
 352	FT911-3986	900	0.010184
 352	FT911-2568	901	0.010147
 352	FT911-3607	902	0.010103
 352	FT911-1912	903	0.010062
 352	FT911-2521	904	0.010053
 352	FT911-2956	905	0.010039
 352	FT911-4723	906	0.010030
 352	FT911-5357	907	0.010000
 352	FT911-3230	908	0.009990
 352	FT911-4053	909	0.009941
 352	FT911-2661	910	0.009894
 352	FT911-1880	911	0.009881
 352	FT911-381	912	0.009872
 352	FT911-4366	913	0.009864
 352	FT911-285	914	0.009836
 352	FT911-1882	915	0.009786
 352	FT911-3796	916	0.009776
 352	FT911-1653	917	0.009773
 352	FT911-1079	918	0.009757
 352	FT911-3726	919	0.009730
 352	FT911-1314	920	0.009715
 352	FT911-4711	921	0.009698
 352	FT911-3739	922	0.009628
 352	FT911-4127	923	0.009607
 352	FT911-3643	924	0.009588
 352	FT911-5177	925	0.009568
 352	FT911-4104	926	0.009524
 352	FT911-1715	927	0.009446
 352	FT911-4189	928	0.009436
 352	FT911-1781	929	0.009419
 352	FT911-4397	930	0.009415
 352	FT911-5049	931	0.009404
 352	FT911-139	932	0.009319
 352	FT911-845	933	0.009290
 352	FT911-4744	934	0.009261
 352	FT911-4458	935	0.009248
 352	FT911-4720	936	0.009244
 352	FT911-199	937	0.009230
 352	FT911-1077	938	0.009216
 352	FT911-273	939	0.009181
 352	FT911-3531	940	0.009178
 352	FT911-3236	941	0.009126
 352	FT911-5191	942	0.009121
 352	FT911-2981	943	0.009114
 352	FT911-679	944	0.009112
 352	FT911-5160	945	0.009106
 352	FT911-5038	946	0.009074
 352	FT911-4612	947	0.008996
 352	FT911-2244	948	0.008906
 352	FT911-1925	949	0.008880
 352	FT911-4890	950	0.008875
 352	FT911-2725	951	0.008863
 352	FT911-1500	952	0.008858
 352	FT911-865	953	0.008854
 352	FT911-4791	954	0.008851
 352	FT911-3019	955	0.008828
 352	FT911-4930	956	0.008826
 352	FT911-4919	957	0.008756
 352	FT911-5040	958	0.008756
 352	FT911-4342	959	0.008748
 352	FT911-4520	960	0.008723
 352	FT911-379	961	0.008716
 352	FT911-2786	962	0.008706
 352	FT911-1984	963	0.008705
 352	FT911-4929	964	0.008691
 352	FT911-1118	965	0.008688
 352	FT911-2989	966	0.008641
 352	FT911-3154	967	0.008613
 352	FT911-1926	968	0.008600
 352	FT911-4096	969	0.008566
 352	FT911-807	970	0.008543
 352	FT911-3273	971	0.008528
 352	FT911-5024	972	0.008484
 352	FT911-4658	973	0.008481
 352	FT911-1538	974	0.008448
 352	FT911-1673	975	0.008407
 352	FT911-3741	976	0.008388
 352	FT911-1596	977	0.008353
 352	FT911-795	978	0.008317
 352	FT911-1555	979	0.008265
 352	FT911-4349	980	0.008252
 352	FT911-144	981	0.008214
 352	FT911-2118	982	0.008177
 352	FT911-3395	983	0.008158
 352	FT911-351	984	0.008156
 352	FT911-4790	985	0.008145
 352	FT911-4384	986	0.008122
 352	FT911-4314	987	0.008092
 352	FT911-3915	988	0.007986
 352	FT911-3186	989	0.007970
 352	FT911-2195	990	0.007949
 352	FT911-382	991	0.007930
 352	FT911-2790	992	0.007885
 352	FT911-485	993	0.007857
 352	FT911-4651	994	0.007846
 352	FT911-3415	995	0.007778
 352	FT911-2469	996	0.007765
 352	FT911-4382	997	0.007760
 352	FT911-1406	998	0.007749
 352	FT911-4010	999	0.007744
 352	FT911-1084	1000	0.007733
 352	FT911-4775	1001	0.007623
 352	FT911-165	1002	0.007617
 352	FT911-4654	1003	0.007604
 352	FT911-1486	1004	0.007599
 352	FT911-3433	1005	0.007597
 352	FT911-3587	1006	0.007569
 352	FT911-1949	1007	0.007549
 352	FT911-376	1008	0.007471
 352	FT911-2204	1009	0.007409
 352	FT911-1982	1010	0.007383
 352	FT911-4168	1011	0.007267
 352	FT911-1379	1012	0.007252
 352	FT911-5192	1013	0.007231
 352	FT911-2984	1014	0.007219
 352	FT911-3166	1015	0.007191
 352	FT911-4116	1016	0.007181
 352	FT911-4487	1017	0.007145
 352	FT911-5036	1018	0.007136
 352	FT911-470	1019	0.007134
 352	FT911-2576	1020	0.007110
 352	FT911-4199	1021	0.007105
 352	FT911-628	1022	0.007078
 352	FT911-106	1023	0.007061
 352	FT911-2795	1024	0.007040
 352	FT911-5294	1025	0.006979
 352	FT911-3063	1026	0.006976
 352	FT911-1487	1027	0.006975
 352	FT911-1519	1028	0.006968
 352	FT911-4374	1029	0.006867
 352	FT911-3401	1030	0.006809
 352	FT911-806	1031	0.006803
 352	FT911-1296	1032	0.006794
 352	FT911-1567	1033	0.006792
 352	FT911-1432	1034	0.006777
 352	FT911-2274	1035	0.006758
 352	FT911-3932	1036	0.006730
 352	FT911-2985	1037	0.006712
 352	FT911-287	1038	0.006641
 352	FT911-5341	1039	0.006513
 352	FT911-755	1040	0.006495
 352	FT911-4117	1041	0.006495
 352	FT911-1287	1042	0.006454
 352	FT911-1971	1043	0.006441
 352	FT911-1958	1044	0.006415
 352	FT911-5182	1045	0.006411
 352	FT911-2994	1046	0.006389
 352	FT911-4800	1047	0.006386
 352	FT911-4007	1048	0.006312
 352	FT911-4656	1049	0.006289
 352	FT911-3232	1050	0.006270
 352	FT911-4513	1051	0.006268
 352	FT911-4967	1052	0.006249
 352	FT911-3417	1053	0.006192
 352	FT911-4001	1054	0.006192
 352	FT911-2792	1055	0.006135
 352	FT911-2447	1056	0.006126
 352	FT911-367	1057	0.006094
 352	FT911-3020	1058	0.006074
 352	FT911-2829	1059	0.006055
 352	FT911-1477	1060	0.006011
 352	FT911-3403	1061	0.005996
 352	FT911-1501	1062	0.005991
 352	FT911-4378	1063	0.005981
 352	FT911-420	1064	0.005976
 352	FT911-3119	1065	0.005976
 352	FT911-188	1066	0.005882
 352	FT911-3912	1067	0.005789
 352	FT911-3791	1068	0.005759
 352	FT911-1474	1069	0.005749
 352	FT911-438	1070	0.005733
 352	FT911-2818	1071	0.005693
 352	FT911-385	1072	0.005692
 352	FT911-2040	1073	0.005689
 352	FT911-2962	1074	0.005564
 352	FT911-4088	1075	0.005491
 352	FT911-1831	1076	0.005459
 352	FT911-3449	1077	0.005420
 352	FT911-3187	1078	0.005398
 352	FT911-1503	1079	0.005356
 352	FT911-3360	1080	0.005318
 352	FT911-2539	1081	0.005303
 352	FT911-3908	1082	0.005297
 352	FT911-482	1083	0.005273
 352	FT911-375	1084	0.005184
 352	FT911-476	1085	0.005148
 352	FT911-1681	1086	0.005144
 352	FT911-1699	1087	0.004993
 352	FT911-3918	1088	0.004985
 352	FT911-2992	1089	0.004956
 352	FT911-559	1090	0.004946
 352	FT911-1042	1091	0.004910
 352	FT911-504	1092	0.004891
 352	FT911-4011	1093	0.004819
 352	FT911-4015	1094	0.004802
 352	FT911-521	1095	0.004779
 352	FT911-1478	1096	0.004756
 352	FT911-480	1097	0.004687
 352	FT911-789	1098	0.004655
 352	FT911-4013	1099	0.004641
 352	FT911-4188	1100	0.004617
 352	FT911-1508	1101	0.004540
 352	FT911-1307	1102	0.004436
 352	FT911-4178	1103	0.004341
 352	FT911-2819	1104	0.004282
 352	FT911-4850	1105	0.004252
 352	FT911-4089	1106	0.004249
 352	FT911-1502	1107	0.004183
 352	FT911-1509	1108	0.004149
 352	FT911-1629	1109	0.004077
 352	FT911-5079	1110	0.004073
 352	FT911-1344	1111	0.004039
 352	FT911-4516	1112	0.003982
 352	FT911-1773	1113	0.003876
 352	FT911-1598	1114	0.003832
 352	FT911-4480	1115	0.003729
 352	FT911-5264	1116	0.003710
 352	FT911-2522	1117	0.003610
 352	FT911-2389	1118	0.003179
 352	FT911-805	1119	0.003003
 353	FT911-558	1	0.426909
 353	FT911-1769	2	0.408670
 353	FT911-122	3	0.339765
 353	FT911-4348	4	0.334780
 353	FT911-4261	5	0.254041
 353	FT911-4151	6	0.229413
 353	FT911-4931	7	0.196384
 353	FT911-4349	8	0.171094
 353	FT911-3327	9	0.120090
 353	FT911-1562	10	0.118069
 353	FT911-601	11	0.098857
 353	FT911-1263	12	0.095153
 353	FT911-3129	13	0.089784
 353	FT911-4139	14	0.088890
 353	FT911-5024	15	0.088381
 353	FT911-3209	16	0.080833
 353	FT911-3478	17	0.079353
 353	FT911-1098	18	0.076886
 353	FT911-3206	19	0.074610
 353	FT911-4919	20	0.072971
 353	FT911-3318	21	0.058848
 353	FT911-932	22	0.058321
 353	FT911-846	23	0.055584
 353	FT911-348	24	0.055164
 353	FT911-4701	25	0.054894
 353	FT911-5079	26	0.050644
 353	FT911-1943	27	0.047484
 353	FT911-3706	28	0.047353
 353	FT911-1349	29	0.046488
 353	FT911-2029	30	0.046006
 353	FT911-3027	31	0.045449
 353	FT911-3332	32	0.043664
 353	FT911-3320	33	0.043380
 353	FT911-3472	34	0.043321
 353	FT911-5253	35	0.041926
 353	FT911-547	36	0.041208
 353	FT911-5001	37	0.039622
 353	FT911-3816	38	0.037674
 353	FT911-18	39	0.035386
 353	FT911-1083	40	0.035331
 353	FT911-825	41	0.034980
 353	FT911-1196	42	0.033726
 353	FT911-2350	43	0.033430
 353	FT911-597	44	0.032132
 353	FT911-5196	45	0.031687
 353	FT911-2140	46	0.031474
 353	FT911-606	47	0.030550
 353	FT911-5167	48	0.029644
 353	FT911-4902	49	0.029346
 353	FT911-870	50	0.028833
 353	FT911-702	51	0.028063
 353	FT911-4442	52	0.027609
 353	FT911-1627	53	0.027312
 353	FT911-4383	54	0.027052
 353	FT911-5076	55	0.027027
 353	FT911-1323	56	0.025918
 353	FT911-1520	57	0.025917
 353	FT911-1611	58	0.025499
 353	FT911-943	59	0.025347
 353	FT911-3623	60	0.024758
 353	FT911-4341	61	0.024351
 353	FT911-2630	62	0.023606
 353	FT911-1631	63	0.023514
 353	FT911-1355	64	0.023489
 353	FT911-530	65	0.022387
 353	FT911-1124	66	0.022384
 353	FT911-150	67	0.022322
 353	FT911-4174	68	0.022272
 353	FT911-4467	69	0.022181
 353	FT911-753	70	0.019434
 353	FT911-2789	71	0.019293
 353	FT911-4963	72	0.019128
 353	FT911-4929	73	0.018107
 353	FT911-3356	74	0.018072
 353	FT911-3067	75	0.017941
 353	FT911-5042	76	0.017875
 353	FT911-1254	77	0.017738
 353	FT911-3699	78	0.017039
 353	FT911-4009	79	0.016650
 353	FT911-1957	80	0.016263
 353	FT911-1109	81	0.016031
 353	FT911-4165	82	0.015928
 353	FT911-4184	83	0.015864
 353	FT911-3363	84	0.015644
 353	FT911-4318	85	0.015570
 353	FT911-265	86	0.015568
 353	FT911-4176	87	0.015015
 353	FT911-3640	88	0.014249
 353	FT911-1296	89	0.014154
 353	FT911-4004	90	0.013995
 353	FT911-2787	91	0.013983
 353	FT911-169	92	0.013786
 353	FT911-4840	93	0.013654
 353	FT911-1494	94	0.013585
 353	FT911-5341	95	0.013569
 353	FT911-2994	96	0.013310
 353	FT911-383	97	0.013301
 353	FT911-1301	98	0.013189
 353	FT911-4515	99	0.013109
 353	FT911-4513	100	0.013060
 353	FT911-1207	101	0.012511
 353	FT911-467	102	0.012206
 353	FT911-2793	103	0.012150
 353	FT911-3925	104	0.012071
 353	FT911-3411	105	0.012064
 353	FT911-1617	106	0.011652
 353	FT911-2446	107	0.011479
 353	FT911-4088	108	0.011441
 353	FT911-2082	109	0.011394
 353	FT911-2456	110	0.011391
 353	FT911-855	111	0.011005
 353	FT911-2915	112	0.010936
 353	FT911-4194	113	0.010894
 353	FT911-1402	114	0.010532
 353	FT911-3408	115	0.010528
 353	FT911-493	116	0.010454
 353	FT911-3366	117	0.010403
 353	FT911-821	118	0.010212
 353	FT911-521	119	0.009957
 353	FT911-1720	120	0.009774
 353	FT911-4188	121	0.009619
 353	FT911-1307	122	0.009241
 353	FT911-496	123	0.009236
 353	FT911-478	124	0.008988
 353	FT911-382	125	0.008261
 353	FT911-1006	126	0.008188
 353	FT911-1486	127	0.007916
 353	FT911-3927	128	0.007453
 353	FT911-5337	129	0.007160
 354	FT911-885	1	0.343809
 354	FT911-3514	2	0.339546
 354	FT911-1588	3	0.332846
 354	FT911-2786	4	0.287870
 354	FT911-2977	5	0.226978
 354	FT911-3494	6	0.194826
 354	FT911-1900	7	0.192641
 354	FT911-1705	8	0.184831
 354	FT911-4783	9	0.182510
 354	FT911-1288	10	0.180344
 354	FT911-4804	11	0.169859
 354	FT911-1702	12	0.166896
 354	FT911-115	13	0.153747
 354	FT911-5245	14	0.136209
 354	FT911-2646	15	0.131349
 354	FT911-4344	16	0.120394
 354	FT911-4021	17	0.108946
 354	FT911-1374	18	0.104925
 354	FT911-5207	19	0.097446
 354	FT911-4571	20	0.096858
 354	FT911-4757	21	0.094212
 354	FT911-1949	22	0.093604
 354	FT911-2618	23	0.086539
 354	FT911-4603	24	0.084854
 354	FT911-989	25	0.084097
 354	FT911-195	26	0.078669
 354	FT911-1085	27	0.077041
 354	FT911-477	28	0.075174
 354	FT911-5214	29	0.074904
 354	FT911-3364	30	0.073249
 354	FT911-2436	31	0.073058
 354	FT911-1668	32	0.072103
 354	FT911-4582	33	0.068302
 354	FT911-2300	34	0.065950
 354	FT911-3104	35	0.064441
 354	FT911-5101	36	0.063967
 354	FT911-1869	37	0.063384
 354	FT911-4125	38	0.062854
 354	FT911-5054	39	0.062837
 354	FT911-5046	40	0.062581
 354	FT911-4272	41	0.060968
 354	FT911-1436	42	0.060053
 354	FT911-1568	43	0.058692
 354	FT911-4312	44	0.057920
 354	FT911-4740	45	0.057494
 354	FT911-2299	46	0.056068
 354	FT911-4277	47	0.055986
 354	FT911-1312	48	0.054128
 354	FT911-2216	49	0.052379
 354	FT911-460	50	0.050629
 354	FT911-3537	51	0.050626
 354	FT911-693	52	0.050185
 354	FT911-611	53	0.049364
 354	FT911-4649	54	0.049178
 354	FT911-3948	55	0.047572
 354	FT911-2644	56	0.047190
 354	FT911-318	57	0.046620
 354	FT911-2256	58	0.046605
 354	FT911-1587	59	0.046283
 354	FT911-2163	60	0.044394
 354	FT911-5093	61	0.044084
 354	FT911-3661	62	0.043998
 354	FT911-3894	63	0.043781
 354	FT911-2812	64	0.043747
 354	FT911-1585	65	0.043665
 354	FT911-1297	66	0.043308
 354	FT911-4065	67	0.042963
 354	FT911-1899	68	0.042641
 354	FT911-1475	69	0.042139
 354	FT911-2689	70	0.042034
 354	FT911-1316	71	0.041609
 354	FT911-1523	72	0.041471
 354	FT911-2845	73	0.040651
 354	FT911-4653	74	0.040599
 354	FT911-2116	75	0.040591
 354	FT911-198	76	0.039302
 354	FT911-1710	77	0.038759
 354	FT911-3273	78	0.038165
 354	FT911-2994	79	0.038121
 354	FT911-4592	80	0.037471
 354	FT911-4878	81	0.037258
 354	FT911-3013	82	0.036896
 354	FT911-2753	83	0.036778
 354	FT911-5331	84	0.036415
 354	FT911-2848	85	0.036254
 354	FT911-3516	86	0.036217
 354	FT911-1958	87	0.036082
 354	FT911-3407	88	0.036081
 354	FT911-3627	89	0.035795
 354	FT911-503	90	0.035789
 354	FT911-1528	91	0.035566
 354	FT911-2716	92	0.035469
 354	FT911-1793	93	0.035461
 354	FT911-2370	94	0.034994
 354	FT911-743	95	0.034859
 354	FT911-3144	96	0.034738
 354	FT911-3658	97	0.034669
 354	FT911-2510	98	0.034386
 354	FT911-501	99	0.034344
 354	FT911-2114	100	0.034332
 354	FT911-4290	101	0.034280
 354	FT911-4561	102	0.034186
 354	FT911-3896	103	0.034109
 354	FT911-4909	104	0.033965
 354	FT911-310	105	0.033756
 354	FT911-3249	106	0.033518
 354	FT911-710	107	0.032808
 354	FT911-1999	108	0.032268
 354	FT911-1195	109	0.032209
 354	FT911-862	110	0.032122
 354	FT911-418	111	0.031832
 354	FT911-2622	112	0.031717
 354	FT911-1423	113	0.031502
 354	FT911-3852	114	0.031407
 354	FT911-4076	115	0.031311
 354	FT911-42	116	0.031271
 354	FT911-2971	117	0.030855
 354	FT911-2856	118	0.030491
 354	FT911-3018	119	0.030472
 354	FT911-1513	120	0.030361
 354	FT911-1967	121	0.030355
 354	FT911-3641	122	0.029913
 354	FT911-1253	123	0.029715
 354	FT911-5178	124	0.029477
 354	FT911-615	125	0.029461
 354	FT911-5190	126	0.029419
 354	FT911-471	127	0.029206
 354	FT911-4623	128	0.029112
 354	FT911-2970	129	0.029086
 354	FT911-2643	130	0.028470
 354	FT911-391	131	0.028465
 354	FT911-2014	132	0.028352
 354	FT911-1715	133	0.028183
 354	FT911-1296	134	0.028078
 354	FT911-5045	135	0.027900
 354	FT911-753	136	0.027829
 354	FT911-2648	137	0.027633
 354	FT911-526	138	0.027581
 354	FT911-1696	139	0.027473
 354	FT911-336	140	0.027426
 354	FT911-4755	141	0.027384
 354	FT911-2031	142	0.027341
 354	FT911-4726	143	0.026894
 354	FT911-3255	144	0.026892
 354	FT911-1544	145	0.026865
 354	FT911-4612	146	0.026838
 354	FT911-1022	147	0.026761
 354	FT911-1621	148	0.026663
 354	FT911-2486	149	0.026481
 354	FT911-221	150	0.026283
 354	FT911-872	151	0.026234
 354	FT911-2989	152	0.025782
 354	FT911-357	153	0.025774
 354	FT911-764	154	0.025751
 354	FT911-2983	155	0.025713
 354	FT911-1956	156	0.025703
 354	FT911-3802	157	0.025691
 354	FT911-540	158	0.025686
 354	FT911-1308	159	0.025589
 354	FT911-2458	160	0.025585
 354	FT911-3619	161	0.025585
 354	FT911-5111	162	0.025538
 354	FT911-1619	163	0.025533
 354	FT911-1197	164	0.025522
 354	FT911-591	165	0.025456
 354	FT911-5323	166	0.025343
 354	FT911-2270	167	0.025340
 354	FT911-2980	168	0.025331
 354	FT911-1884	169	0.025301
 354	FT911-4114	170	0.025241
 354	FT911-4240	171	0.025147
 354	FT911-251	172	0.025130
 354	FT911-1792	173	0.025009
 354	FT911-3461	174	0.024832
 354	FT911-354	175	0.024574
 354	FT911-4200	176	0.024523
 354	FT911-2152	177	0.024436
 354	FT911-2118	178	0.024396
 354	FT911-3371	179	0.024281
 354	FT911-2219	180	0.024266
 354	FT911-3535	181	0.024257
 354	FT911-3010	182	0.024245
 354	FT911-2712	183	0.024196
 354	FT911-1575	184	0.023806
 354	FT911-1474	185	0.023762
 354	FT911-5302	186	0.023305
 354	FT911-1541	187	0.023260
 354	FT911-3015	188	0.023246
 354	FT911-1406	189	0.023121
 354	FT911-4991	190	0.023023
 354	FT911-1199	191	0.023019
 354	FT911-1283	192	0.022981
 354	FT911-4448	193	0.022953
 354	FT911-220	194	0.022842
 354	FT911-823	195	0.022688
 354	FT911-5094	196	0.022671
 354	FT911-863	197	0.022279
 354	FT911-2997	198	0.021958
 354	FT911-1154	199	0.021884
 354	FT911-3436	200	0.021846
 354	FT911-2107	201	0.021824
 354	FT911-4859	202	0.021746
 354	FT911-1369	203	0.021675
 354	FT911-660	204	0.021660
 354	FT911-3578	205	0.021611
 354	FT911-1556	206	0.021541
 354	FT911-3663	207	0.021498
 354	FT911-4650	208	0.021385
 354	FT911-2032	209	0.021363
 354	FT911-4680	210	0.021210
 354	FT911-628	211	0.021117
 354	FT911-3576	212	0.021084
 354	FT911-4045	213	0.021061
 354	FT911-4655	214	0.021011
 354	FT911-1990	215	0.020849
 354	FT911-1592	216	0.020681
 354	FT911-3806	217	0.020654
 354	FT911-3887	218	0.020615
 354	FT911-4488	219	0.020588
 354	FT911-661	220	0.020574
 354	FT911-1653	221	0.020523
 354	FT911-1210	222	0.020475
 354	FT911-1865	223	0.020356
 354	FT911-4754	224	0.020245
 354	FT911-1432	225	0.020220
 354	FT911-2535	226	0.020023
 354	FT911-262	227	0.020022
 354	FT911-4506	228	0.020014
 354	FT911-919	229	0.019618
 354	FT911-4043	230	0.019589
 354	FT911-1281	231	0.019585
 354	FT911-4643	232	0.019520
 354	FT911-4143	233	0.019505
 354	FT911-47	234	0.019437
 354	FT911-2161	235	0.019433
 354	FT911-1386	236	0.019370
 354	FT911-4776	237	0.019352
 354	FT911-433	238	0.019239
 354	FT911-4235	239	0.019136
 354	FT911-1303	240	0.019093
 354	FT911-3004	241	0.018705
 354	FT911-2600	242	0.018612
 354	FT911-1520	243	0.018557
 354	FT911-627	244	0.018502
 354	FT911-3714	245	0.018448
 354	FT911-678	246	0.018412
 354	FT911-3860	247	0.018367
 354	FT911-4833	248	0.018331
 354	FT911-608	249	0.018328
 354	FT911-213	250	0.018304
 354	FT911-4087	251	0.018144
 354	FT911-4907	252	0.018102
 354	FT911-379	253	0.018012
 354	FT911-4906	254	0.018007
 354	FT911-5336	255	0.017879
 354	FT911-1765	256	0.017818
 354	FT911-1726	257	0.017767
 354	FT911-810	258	0.017726
 354	FT911-2620	259	0.017440
 354	FT911-1440	260	0.017362
 354	FT911-392	261	0.017333
 354	FT911-4315	262	0.017313
 354	FT911-125	263	0.017133
 354	FT911-438	264	0.017105
 354	FT911-1013	265	0.017023
 354	FT911-4026	266	0.017011
 354	FT911-1445	267	0.017004
 354	FT911-4419	268	0.016991
 354	FT911-2384	269	0.016861
 354	FT911-3251	270	0.016589
 354	FT911-3660	271	0.016553
 354	FT911-4968	272	0.016525
 354	FT911-3756	273	0.016513
 354	FT911-3006	274	0.016283
 354	FT911-594	275	0.016148
 354	FT911-1532	276	0.016034
 354	FT911-2754	277	0.015942
 354	FT911-2174	278	0.015927
 354	FT911-697	279	0.015895
 354	FT911-4579	280	0.015858
 354	FT911-3580	281	0.015810
 354	FT911-3266	282	0.015808
 354	FT911-4213	283	0.015705
 354	FT911-252	284	0.015621
 354	FT911-520	285	0.015507
 354	FT911-2110	286	0.015397
 354	FT911-3023	287	0.015385
 354	FT911-5179	288	0.015351
 354	FT911-2568	289	0.015137
 354	FT911-2999	290	0.015030
 354	FT911-2521	291	0.014997
 354	FT911-1408	292	0.014933
 354	FT911-1148	293	0.014854
 354	FT911-4025	294	0.014818
 354	FT911-2992	295	0.014787
 354	FT911-4675	296	0.014721
 354	FT911-4842	297	0.014712
 354	FT911-4830	298	0.014688
 354	FT911-5329	299	0.014601
 354	FT911-4814	300	0.014532
 354	FT911-2995	301	0.014379
 354	FT911-779	302	0.014221
 354	FT911-1226	303	0.014099
 354	FT911-3221	304	0.013915
 354	FT911-4420	305	0.013851
 354	FT911-199	306	0.013770
 354	FT911-892	307	0.013738
 354	FT911-2053	308	0.013716
 354	FT911-273	309	0.013696
 354	FT911-4288	310	0.013617
 354	FT911-679	311	0.013593
 354	FT911-3939	312	0.013582
 354	FT911-4629	313	0.013480
 354	FT911-2209	314	0.013459
 354	FT911-890	315	0.013409
 354	FT911-4000	316	0.013399
 354	FT911-393	317	0.013324
 354	FT911-328	318	0.013323
 354	FT911-3404	319	0.013254
 354	FT911-4219	320	0.013244
 354	FT911-1892	321	0.013243
 354	FT911-865	322	0.013208
 354	FT911-4131	323	0.013089
 354	FT911-2688	324	0.013060
 354	FT911-5120	325	0.012842
 354	FT911-2835	326	0.012834
 354	FT911-4024	327	0.012818
 354	FT911-1254	328	0.012701
 354	FT911-1950	329	0.012667
 354	FT911-3287	330	0.012571
 354	FT911-513	331	0.012551
 354	FT911-2694	332	0.012535
 354	FT911-4889	333	0.012440
 354	FT911-4204	334	0.012397
 354	FT911-4574	335	0.012390
 354	FT911-1437	336	0.012384
 354	FT911-4207	337	0.012379
 354	FT911-4787	338	0.012218
 354	FT911-3699	339	0.012200
 354	FT911-902	340	0.012156
 354	FT911-3009	341	0.012141
 354	FT911-4499	342	0.012054
 354	FT911-1534	343	0.011961
 354	FT911-1993	344	0.011956
 354	FT911-1319	345	0.011878
 354	FT911-1953	346	0.011864
 354	FT911-4647	347	0.011864
 354	FT911-2691	348	0.011861
 354	FT911-2195	349	0.011858
 354	FT911-4103	350	0.011832
 354	FT911-1595	351	0.011828
 354	FT911-3951	352	0.011777
 354	FT911-380	353	0.011750
 354	FT911-4651	354	0.011705
 354	FT911-35	355	0.011673
 354	FT911-2698	356	0.011659
 354	FT911-2469	357	0.011583
 354	FT911-1633	358	0.011580
 354	FT911-3724	359	0.011301
 354	FT911-1259	360	0.011178
 354	FT911-376	361	0.011146
 354	FT911-1951	362	0.011033
 354	FT911-1982	363	0.011014
 354	FT911-3007	364	0.010996
 354	FT911-2986	365	0.010945
 354	FT911-1879	366	0.010852
 354	FT911-3396	367	0.010800
 354	FT911-4116	368	0.010713
 354	FT911-5036	369	0.010645
 354	FT911-2700	370	0.010456
 354	FT911-2987	371	0.010406
 354	FT911-2587	372	0.010244
 354	FT911-137	373	0.010162
 354	FT911-3304	374	0.010114
 354	FT911-601	375	0.010112
 354	FT911-1056	376	0.010079
 354	FT911-4904	377	0.009963
 354	FT911-1885	378	0.009842
 354	FT911-2450	379	0.009781
 354	FT911-4901	380	0.009663
 354	FT911-936	381	0.009662
 354	FT911-2457	382	0.009630
 354	FT911-802	383	0.009625
 354	FT911-1971	384	0.009608
 354	FT911-5182	385	0.009563
 354	FT911-5186	386	0.009493
 354	FT911-1407	387	0.009390
 354	FT911-690	388	0.009379
 354	FT911-1979	389	0.009351
 354	FT911-4967	390	0.009322
 354	FT911-131	391	0.009278
 354	FT911-3417	392	0.009237
 354	FT911-3008	393	0.009229
 354	FT911-3983	394	0.009219
 354	FT911-3300	395	0.009208
 354	FT911-3484	396	0.009122
 354	FT911-4792	397	0.009093
 354	FT911-141	398	0.009068
 354	FT911-272	399	0.008975
 354	FT911-4640	400	0.008805
 354	FT911-4972	401	0.008786
 354	FT911-1295	402	0.008755
 354	FT911-467	403	0.008740
 354	FT911-1367	404	0.008708
 354	FT911-2561	405	0.008669
 354	FT911-3448	406	0.008662
 354	FT911-2657	407	0.008623
 354	FT911-4018	408	0.008398
 354	FT911-1617	409	0.008343
 354	FT911-2962	410	0.008301
 354	FT911-154	411	0.008286
 354	FT911-1780	412	0.008183
 354	FT911-2082	413	0.008158
 354	FT911-2723	414	0.008135
 354	FT911-4014	415	0.008111
 354	FT911-487	416	0.008073
 354	FT911-4376	417	0.008046
 354	FT911-3450	418	0.008003
 354	FT911-756	419	0.008001
 354	FT911-855	420	0.007880
 354	FT911-4479	421	0.007865
 354	FT911-2427	422	0.007865
 354	FT911-5232	423	0.007841
 354	FT911-1681	424	0.007673
 354	FT911-3446	425	0.007671
 354	FT911-138	426	0.007463
 354	FT911-3918	427	0.007437
 354	FT911-2650	428	0.007394
 354	FT911-186	429	0.007337
 354	FT911-821	430	0.007312
 354	FT911-1981	431	0.007294
 354	FT911-3412	432	0.007203
 354	FT911-3907	433	0.007106
 354	FT911-2894	434	0.007048
 354	FT911-1720	435	0.006998
 354	FT911-1070	436	0.006740
 354	FT911-1418	437	0.006727
 354	FT911-2892	438	0.006711
 354	FT911-1063	439	0.006636
 354	FT911-1307	440	0.006617
 354	FT911-2452	441	0.006428
 354	FT911-1507	442	0.006307
 354	FT911-255	443	0.006257
 354	FT911-3109	444	0.006236
 354	FT911-626	445	0.006201
 354	FT911-5185	446	0.006024
 354	FT911-5237	447	0.005961
 354	FT911-382	448	0.005915
 354	FT911-2374	449	0.005805
 354	FT911-1338	450	0.005498
 354	FT911-465	451	0.005155
 354	FT911-188	452	0.004387
 359	FT911-4650	1	0.358096
 359	FT911-1897	2	0.239970
 359	FT911-2712	3	0.211360
 359	FT911-391	4	0.208792
 359	FT911-4652	5	0.192105
 359	FT911-4645	6	0.184135
 359	FT911-3149	7	0.176409
 359	FT911-3000	8	0.173878
 359	FT911-2520	9	0.172151
 359	FT911-4656	10	0.144046
 359	FT911-4641	11	0.143956
 359	FT911-5244	12	0.141866
 359	FT911-515	13	0.138174
 359	FT911-1517	14	0.129481
 359	FT911-2342	15	0.123320
 359	FT911-2983	16	0.122513
 359	FT911-4642	17	0.119847
 359	FT911-4646	18	0.118753
 359	FT911-2711	19	0.118747
 359	FT911-3979	20	0.116205
 359	FT911-4648	21	0.113704
 359	FT911-4647	22	0.113060
 359	FT911-4644	23	0.111327
 359	FT911-4649	24	0.110652
 359	FT911-4654	25	0.108091
 359	FT911-4264	26	0.107857
 359	FT911-594	27	0.106861
 359	FT911-4655	28	0.105674
 359	FT911-1282	29	0.103619
 359	FT911-4640	30	0.102549
 359	FT911-3242	31	0.101912
 359	FT911-1899	32	0.101586
 359	FT911-2982	33	0.099160
 359	FT911-2452	34	0.097156
 359	FT911-3260	35	0.095832
 359	FT911-4651	36	0.092951
 359	FT911-2480	37	0.087974
 359	FT911-5086	38	0.085590
 359	FT911-2672	39	0.080548
 359	FT911-4643	40	0.077507
 359	FT911-2637	41	0.076174
 359	FT911-5121	42	0.075384
 359	FT911-4095	43	0.074450
 359	FT911-5157	44	0.071303
 359	FT911-4784	45	0.069671
 359	FT911-934	46	0.067832
 359	FT911-4679	47	0.066832
 359	FT911-601	48	0.066488
 359	FT911-204	49	0.066185
 359	FT911-2596	50	0.065711
 359	FT911-5150	51	0.065703
 359	FT911-1719	52	0.065337
 359	FT911-2998	53	0.064991
 359	FT911-965	54	0.064983
 359	FT911-679	55	0.064767
 359	FT911-3283	56	0.064202
 359	FT911-1446	57	0.063873
 359	FT911-4206	58	0.063475
 359	FT911-1230	59	0.061902
 359	FT911-2424	60	0.061580
 359	FT911-3404	61	0.061116
 359	FT911-1628	62	0.060720
 359	FT911-4653	63	0.060182
 359	FT911-4508	64	0.060157
 359	FT911-4322	65	0.059986
 359	FT911-3276	66	0.059728
 359	FT911-2469	67	0.059545
 359	FT911-4589	68	0.058218
 359	FT911-331	69	0.056828
 359	FT911-2046	70	0.056292
 359	FT911-3645	71	0.056167
 359	FT911-3546	72	0.055306
 359	FT911-1096	73	0.055298
 359	FT911-4685	74	0.055194
 359	FT911-680	75	0.055049
 359	FT911-2009	76	0.055014
 359	FT911-3406	77	0.054874
 359	FT911-1059	78	0.054809
 359	FT911-428	79	0.053794
 359	FT911-1645	80	0.052696
 359	FT911-4368	81	0.052277
 359	FT911-1412	82	0.052069
 359	FT911-3914	83	0.051177
 359	FT911-2063	84	0.051042
 359	FT911-4202	85	0.050895
 359	FT911-2209	86	0.049877
 359	FT911-2396	87	0.048355
 359	FT911-2288	88	0.048172
 359	FT911-4467	89	0.048009
 359	FT911-61	90	0.047721
 359	FT911-3534	91	0.046855
 359	FT911-3986	92	0.045924
 359	FT911-392	93	0.045881
 359	FT911-511	94	0.045307
 359	FT911-4787	95	0.045280
 359	FT911-1309	96	0.045073
 359	FT911-4987	97	0.044649
 359	FT911-4583	98	0.044513
 359	FT911-4270	99	0.044412
 359	FT911-1881	100	0.043961
 359	FT911-1521	101	0.043822
 359	FT911-5201	102	0.043283
 359	FT911-3496	103	0.042574
 359	FT911-5064	104	0.042279
 359	FT911-2087	105	0.042209
 359	FT911-697	106	0.042076
 359	FT911-2222	107	0.041795
 359	FT911-1861	108	0.041107
 359	FT911-4865	109	0.040822
 359	FT911-2988	110	0.040439
 359	FT911-4870	111	0.040435
 359	FT911-2119	112	0.040384
 359	FT911-165	113	0.040366
 359	FT911-2684	114	0.040075
 359	FT911-1317	115	0.039954
 359	FT911-3019	116	0.039812
 359	FT911-4896	117	0.039735
 359	FT911-1242	118	0.039324
 359	FT911-1910	119	0.039315
 359	FT911-5018	120	0.039295
 359	FT911-106	121	0.039038
 359	FT911-3248	122	0.038407
 359	FT911-533	123	0.038090
 359	FT911-2032	124	0.037944
 359	FT911-4108	125	0.037184
 359	FT911-2762	126	0.036320
 359	FT911-220	127	0.036279
 359	FT911-5039	128	0.036067
 359	FT911-2465	129	0.036032
 359	FT911-4419	130	0.035981
 359	FT911-2584	131	0.035975
 359	FT911-2459	132	0.035730
 359	FT911-376	133	0.035404
 359	FT911-1587	134	0.035376
 359	FT911-1963	135	0.035362
 359	FT911-2994	136	0.035318
 359	FT911-3258	137	0.034948
 359	FT911-198	138	0.034904
 359	FT911-1279	139	0.034683
 359	FT911-1288	140	0.034461
 359	FT911-2916	141	0.034319
 359	FT911-4595	142	0.034042
 359	FT911-3805	143	0.033990
 359	FT911-4024	144	0.033930
 359	FT911-1222	145	0.033760
 359	FT911-4474	146	0.033753
 359	FT911-2774	147	0.033394
 359	FT911-1019	148	0.033217
 359	FT911-252	149	0.033079
 359	FT911-870	150	0.032788
 359	FT911-4271	151	0.032745
 359	FT911-2100	152	0.032582
 359	FT911-4176	153	0.032500
 359	FT911-2850	154	0.032289
 359	FT911-4860	155	0.032024
 359	FT911-1702	156	0.031891
 359	FT911-4727	157	0.031834
 359	FT911-2521	158	0.031758
 359	FT911-817	159	0.031732
 359	FT911-4588	160	0.031658
 359	FT911-3743	161	0.031501
 359	FT911-4862	162	0.031221
 359	FT911-952	163	0.031200
 359	FT911-1972	164	0.030644
 359	FT911-1474	165	0.030467
 359	FT911-696	166	0.030376
 359	FT911-1180	167	0.030176
 359	FT911-3102	168	0.029977
 359	FT911-3137	169	0.029585
 359	FT911-4840	170	0.029554
 359	FT911-4980	171	0.029418
 359	FT911-2826	172	0.029298
 359	FT911-3939	173	0.028762
 359	FT911-3275	174	0.028707
 359	FT911-1312	175	0.028656
 359	FT911-314	176	0.028628
 359	FT911-5214	177	0.028626
 359	FT911-2984	178	0.028507
 359	FT911-99	179	0.028453
 359	FT911-3293	180	0.028279
 359	FT911-1294	181	0.028217
 359	FT911-5129	182	0.028069
 359	FT911-2175	183	0.027955
 359	FT911-3378	184	0.027949
 359	FT911-2421	185	0.027890
 359	FT911-3071	186	0.027578
 359	FT911-1866	187	0.027476
 359	FT911-762	188	0.027426
 359	FT911-2829	189	0.027306
 359	FT911-3257	190	0.026964
 359	FT911-1461	191	0.026822
 359	FT911-250	192	0.026778
 359	FT911-407	193	0.026578
 359	FT911-1673	194	0.026557
 359	FT911-5162	195	0.026543
 359	FT911-2985	196	0.026503
 359	FT911-4789	197	0.026275
 359	FT911-3084	198	0.026255
 359	FT911-3618	199	0.026117
 359	FT911-2871	200	0.026085
 359	FT911-4200	201	0.025965
 359	FT911-2025	202	0.025943
 359	FT911-595	203	0.025939
 359	FT911-1048	204	0.025930
 359	FT911-4355	205	0.025900
 359	FT911-5300	206	0.025886
 359	FT911-719	207	0.025827
 359	FT911-830	208	0.025671
 359	FT911-1699	209	0.025629
 359	FT911-5168	210	0.025490
 359	FT911-4504	211	0.025478
 359	FT911-3330	212	0.025463
 359	FT911-1909	213	0.025439
 359	FT911-713	214	0.025323
 359	FT911-2754	215	0.025320
 359	FT911-2589	216	0.025263
 359	FT911-4213	217	0.024944
 359	FT911-5284	218	0.024914
 359	FT911-4895	219	0.024809
 359	FT911-5110	220	0.024774
 359	FT911-5061	221	0.024675
 359	FT911-1693	222	0.024660
 359	FT911-2211	223	0.024482
 359	FT911-2627	224	0.024389
 359	FT911-790	225	0.024308
 359	FT911-4608	226	0.024250
 359	FT911-2990	227	0.024181
 359	FT911-5296	228	0.024106
 359	FT911-4098	229	0.023941
 359	FT911-3380	230	0.023893
 359	FT911-5161	231	0.023868
 359	FT911-315	232	0.023813
 359	FT911-2816	233	0.023740
 359	FT911-665	234	0.023723
 359	FT911-735	235	0.023551
 359	FT911-2992	236	0.023486
 359	FT911-3184	237	0.023461
 359	FT911-2923	238	0.023364
 359	FT911-534	239	0.023220
 359	FT911-3890	240	0.023156
 359	FT911-5030	241	0.023140
 359	FT911-2533	242	0.023121
 359	FT911-5274	243	0.023085
 359	FT911-685	244	0.023078
 359	FT911-5118	245	0.023034
 359	FT911-938	246	0.023032
 359	FT911-5200	247	0.023023
 359	FT911-664	248	0.022896
 359	FT911-1556	249	0.022808
 359	FT911-3013	250	0.022789
 359	FT911-604	251	0.022662
 359	FT911-138	252	0.022560
 359	FT911-4531	253	0.022527
 359	FT911-2488	254	0.022494
 359	FT911-3498	255	0.022314
 359	FT911-2689	256	0.022253
 359	FT911-2026	257	0.022220
 359	FT911-3109	258	0.022153
 359	FT911-1584	259	0.022114
 359	FT911-1830	260	0.022041
 359	FT911-5299	261	0.021874
 359	FT911-3289	262	0.021873
 359	FT911-5324	263	0.021810
 359	FT911-1414	264	0.021738
 359	FT911-1803	265	0.021708
 359	FT911-3523	266	0.021679
 359	FT911-1700	267	0.021320
 359	FT911-2892	268	0.021318
 359	FT911-3001	269	0.021316
 359	FT911-3868	270	0.021288
 359	FT911-3563	271	0.020851
 359	FT911-3591	272	0.020840
 359	FT911-4786	273	0.020707
 359	FT911-4935	274	0.020666
 359	FT911-1688	275	0.020648
 359	FT911-4027	276	0.020630
 359	FT911-2374	277	0.020623
 359	FT911-4929	278	0.020592
 359	FT911-226	279	0.020466
 359	FT911-4973	280	0.020447
 359	FT911-5240	281	0.020379
 359	FT911-4836	282	0.020377
 359	FT911-1848	283	0.020334
 359	FT911-4339	284	0.020312
 359	FT911-2454	285	0.020241
 359	FT911-5323	286	0.020125
 359	FT911-3044	287	0.019939
 359	FT911-3630	288	0.019923
 359	FT911-531	289	0.019921
 359	FT911-4627	290	0.019893
 359	FT911-942	291	0.019826
 359	FT911-3043	292	0.019709
 359	FT911-4207	293	0.019661
 359	FT911-1150	294	0.019544
 359	FT911-2615	295	0.019533
 359	FT911-4938	296	0.019408
 359	FT911-821	297	0.019355
 359	FT911-2248	298	0.019237
 359	FT911-2848	299	0.019193
 359	FT911-514	300	0.019163
 359	FT911-2287	301	0.019154
 359	FT911-1572	302	0.019028
 359	FT911-1729	303	0.018947
 359	FT911-152	304	0.018855
 359	FT911-1953	305	0.018843
 359	FT911-899	306	0.018819
 359	FT911-2197	307	0.018779
 359	FT911-2644	308	0.018737
 359	FT911-4848	309	0.018678
 359	FT911-2940	310	0.018549
 359	FT911-3229	311	0.018520
 359	FT911-1055	312	0.018439
 359	FT911-22	313	0.018271
 359	FT911-1539	314	0.018079
 359	FT911-1445	315	0.018004
 359	FT911-190	316	0.017986
 359	FT911-1027	317	0.017903
 359	FT911-1462	318	0.017836
 359	FT911-4615	319	0.017834
 359	FT911-512	320	0.017809
 359	FT911-5295	321	0.017576
 359	FT911-1026	322	0.017459
 359	FT911-4486	323	0.017451
 359	FT911-3701	324	0.017376
 359	FT911-3440	325	0.017321
 359	FT911-2555	326	0.017295
 359	FT911-2773	327	0.017250
 359	FT911-1831	328	0.017245
 359	FT911-3027	329	0.017228
 359	FT911-2723	330	0.017227
 359	FT911-1994	331	0.017197
 359	FT911-436	332	0.017193
 359	FT911-1499	333	0.017183
 359	FT911-2842	334	0.017142
 359	FT911-1195	335	0.017052
 359	FT911-1712	336	0.017048
 359	FT911-530	337	0.016972
 359	FT911-3141	338	0.016880
 359	FT911-3830	339	0.016874
 359	FT911-5190	340	0.016864
 359	FT911-2174	341	0.016864
 359	FT911-1194	342	0.016853
 359	FT911-2406	343	0.016827
 359	FT911-197	344	0.016809
 359	FT911-1601	345	0.016709
 359	FT911-725	346	0.016616
 359	FT911-5099	347	0.016595
 359	FT911-674	348	0.016592
 359	FT911-3281	349	0.016591
 359	FT911-3559	350	0.016591
 359	FT911-3774	351	0.016591
 359	FT911-128	352	0.016539
 359	FT911-2978	353	0.016535
 359	FT911-4225	354	0.016522
 359	FT911-3014	355	0.016405
 359	FT911-918	356	0.016368
 359	FT911-1836	357	0.016345
 359	FT911-1839	358	0.016308
 359	FT911-1125	359	0.016273
 359	FT911-4373	360	0.016271
 359	FT911-1701	361	0.016224
 359	FT911-452	362	0.016224
 359	FT911-4162	363	0.016223
 359	FT911-2194	364	0.016220
 359	FT911-2343	365	0.016194
 359	FT911-2414	366	0.016187
 359	FT911-1463	367	0.016176
 359	FT911-3551	368	0.016174
 359	FT911-1179	369	0.016136
 359	FT911-1629	370	0.016098
 359	FT911-1635	371	0.016085
 359	FT911-2913	372	0.016050
 359	FT911-3633	373	0.016039
 359	FT911-4639	374	0.016008
 359	FT911-4883	375	0.015957
 359	FT911-693	376	0.015941
 359	FT911-5253	377	0.015893
 359	FT911-4904	378	0.015823
 359	FT911-3709	379	0.015712
 359	FT911-2437	380	0.015622
 359	FT911-1942	381	0.015542
 359	FT911-5068	382	0.015539
 359	FT911-435	383	0.015490
 359	FT911-936	384	0.015345
 359	FT911-3209	385	0.015321
 359	FT911-765	386	0.015313
 359	FT911-2165	387	0.015310
 359	FT911-630	388	0.015296
 359	FT911-4119	389	0.015236
 359	FT911-521	390	0.015097
 359	FT911-1384	391	0.015093
 359	FT911-5172	392	0.015084
 359	FT911-4538	393	0.015010
 359	FT911-4596	394	0.014827
 359	FT911-3311	395	0.014818
 359	FT911-33	396	0.014701
 359	FT911-2602	397	0.014631
 359	FT911-1147	398	0.014615
 359	FT911-5309	399	0.014591
 359	FT911-1731	400	0.014578
 359	FT911-4665	401	0.014556
 359	FT911-1696	402	0.014544
 359	FT911-2297	403	0.014532
 359	FT911-2980	404	0.014521
 359	FT911-635	405	0.014463
 359	FT911-4792	406	0.014442
 359	FT911-4396	407	0.014438
 359	FT911-1343	408	0.014386
 359	FT911-4437	409	0.014385
 359	FT911-3781	410	0.014267
 359	FT911-1647	411	0.014238
 359	FT911-2683	412	0.014189
 359	FT911-4450	413	0.014165
 359	FT911-4774	414	0.014148
 359	FT911-4551	415	0.014101
 359	FT911-2336	416	0.014094
 359	FT911-1529	417	0.014045
 359	FT911-2486	418	0.014019
 359	FT911-2569	419	0.013974
 359	FT911-2055	420	0.013968
 359	FT911-3670	421	0.013920
 359	FT911-4251	422	0.013833
 359	FT911-2841	423	0.013799
 359	FT911-3312	424	0.013779
 359	FT911-2298	425	0.013777
 359	FT911-1985	426	0.013719
 359	FT911-2989	427	0.013649
 359	FT911-1511	428	0.013627
 359	FT911-4391	429	0.013623
 359	FT911-5120	430	0.013597
 359	FT911-1827	431	0.013549
 359	FT911-1965	432	0.013521
 359	FT911-5111	433	0.013520
 359	FT911-401	434	0.013508
 359	FT911-396	435	0.013503
 359	FT911-2844	436	0.013501
 359	FT911-5339	437	0.013497
 359	FT911-3900	438	0.013489
 359	FT911-3046	439	0.013470
 359	FT911-326	440	0.013450
 359	FT911-3092	441	0.013412
 359	FT911-1639	442	0.013400
 359	FT911-3420	443	0.013388
 359	FT911-1526	444	0.013323
 359	FT911-4240	445	0.013313
 359	FT911-3629	446	0.013312
 359	FT911-3038	447	0.013299
 359	FT911-4972	448	0.013280
 359	FT911-799	449	0.013216
 359	FT911-2772	450	0.013210
 359	FT911-4889	451	0.013172
 359	FT911-3895	452	0.013168
 359	FT911-2595	453	0.013149
 359	FT911-1564	454	0.013122
 359	FT911-298	455	0.013075
 359	FT911-142	456	0.013054
 359	FT911-3783	457	0.013044
 359	FT911-4785	458	0.013032
 359	FT911-2864	459	0.012991
 359	FT911-844	460	0.012958
 359	FT911-2082	461	0.012957
 359	FT911-4432	462	0.012925
 359	FT911-1302	463	0.012923
 359	FT911-461	464	0.012868
 359	FT911-3187	465	0.012789
 359	FT911-4664	466	0.012759
 359	FT911-3347	467	0.012755
 359	FT911-4928	468	0.012751
 359	FT911-148	469	0.012743
 359	FT911-930	470	0.012711
 359	FT911-4875	471	0.012705
 359	FT911-3438	472	0.012667
 359	FT911-2466	473	0.012642
 359	FT911-957	474	0.012638
 359	FT911-3005	475	0.012632
 359	FT911-1459	476	0.012611
 359	FT911-3024	477	0.012607
 359	FT911-585	478	0.012578
 359	FT911-5186	479	0.012565
 359	FT911-2451	480	0.012542
 359	FT911-1600	481	0.012504
 359	FT911-1495	482	0.012462
 359	FT911-2915	483	0.012436
 359	FT911-270	484	0.012390
 359	FT911-35	485	0.012360
 359	FT911-3094	486	0.012339
 359	FT911-3183	487	0.012321
 359	FT911-829	488	0.012318
 359	FT911-1541	489	0.012314
 359	FT911-1664	490	0.012284
 359	FT911-2671	491	0.012281
 359	FT911-2196	492	0.012158
 359	FT911-2677	493	0.012136
 359	FT911-4226	494	0.012129
 359	FT911-2420	495	0.012115
 359	FT911-4334	496	0.012061
 359	FT911-603	497	0.012020
 359	FT911-5196	498	0.012011
 359	FT911-4459	499	0.011946
 359	FT911-3768	500	0.011919
 359	FT911-2334	501	0.011901
 359	FT911-3230	502	0.011835
 359	FT911-4137	503	0.011826
 359	FT911-3012	504	0.011792
 359	FT911-20	505	0.011761
 359	FT911-2911	506	0.011724
 359	FT911-3462	507	0.011698
 359	FT911-3307	508	0.011671
 359	FT911-2997	509	0.011625
 359	FT911-1616	510	0.011621
 359	FT911-3026	511	0.011597
 359	FT911-1154	512	0.011586
 359	FT911-2854	513	0.011575
 359	FT911-210	514	0.011546
 359	FT911-1105	515	0.011528
 359	FT911-1614	516	0.011513
 359	FT911-3578	517	0.011441
 359	FT911-2115	518	0.011409
 359	FT911-3663	519	0.011381
 359	FT911-3327	520	0.011381
 359	FT911-4015	521	0.011378
 359	FT911-4040	522	0.011346
 359	FT911-39	523	0.011337
 359	FT911-4051	524	0.011285
 359	FT911-1371	525	0.011284
 359	FT911-2557	526	0.011267
 359	FT911-4680	527	0.011229
 359	FT911-4657	528	0.011229
 359	FT911-3077	529	0.011219
 359	FT911-3576	530	0.011162
 359	FT911-1107	531	0.011124
 359	FT911-4902	532	0.011124
 359	FT911-1842	533	0.011098
 359	FT911-2700	534	0.011071
 359	FT911-2503	535	0.011034
 359	FT911-2696	536	0.011021
 359	FT911-1122	537	0.011013
 359	FT911-4849	538	0.011006
 359	FT911-4013	539	0.010996
 359	FT911-3342	540	0.010973
 359	FT911-2230	541	0.010934
 359	FT911-1123	542	0.010889
 359	FT911-903	543	0.010879
 359	FT911-3494	544	0.010857
 359	FT911-3876	545	0.010851
 359	FT911-2054	546	0.010822
 359	FT911-2102	547	0.010807
 359	FT911-4699	548	0.010759
 359	FT911-5098	549	0.010745
 359	FT911-508	550	0.010721
 359	FT911-1691	551	0.010719
 359	FT911-2299	552	0.010714
 359	FT911-216	553	0.010707
 359	FT911-1029	554	0.010707
 359	FT911-1070	555	0.010705
 359	FT911-12	556	0.010696
 359	FT911-4825	557	0.010695
 359	FT911-2205	558	0.010680
 359	FT911-1056	559	0.010672
 359	FT911-5102	560	0.010661
 359	FT911-853	561	0.010651
 359	FT911-1265	562	0.010628
 359	FT911-2535	563	0.010600
 359	FT911-3336	564	0.010597
 359	FT911-1741	565	0.010532
 359	FT911-92	566	0.010525
 359	FT911-904	567	0.010518
 359	FT911-4442	568	0.010465
 359	FT911-1868	569	0.010436
 359	FT911-4224	570	0.010436
 359	FT911-201	571	0.010427
 359	FT911-5158	572	0.010396
 359	FT911-687	573	0.010381
 359	FT911-2419	574	0.010362
 359	FT911-3181	575	0.010300
 359	FT911-2320	576	0.010259
 359	FT911-4117	577	0.010259
 359	FT911-2436	578	0.010258
 359	FT911-4552	579	0.010249
 359	FT911-2776	580	0.010242
 359	FT911-4901	581	0.010231
 359	FT911-2341	582	0.010195
 359	FT911-1966	583	0.010194
 359	FT911-1971	584	0.010173
 359	FT911-5231	585	0.010147
 359	FT911-2514	586	0.010130
 359	FT911-3571	587	0.010120
 359	FT911-3499	588	0.010111
 359	FT911-5119	589	0.010091
 359	FT911-187	590	0.010056
 359	FT911-4278	591	0.010026
 359	FT911-3345	592	0.010025
 359	FT911-282	593	0.010021
 359	FT911-2736	594	0.010014
 359	FT911-34	595	0.010005
 359	FT911-576	596	0.010000
 359	FT911-976	597	0.009956
 359	FT911-3256	598	0.009956
 359	FT911-3004	599	0.009903
 359	FT911-4060	600	0.009902
 359	FT911-3833	601	0.009902
 359	FT911-27	602	0.009834
 359	FT911-5176	603	0.009785
 359	FT911-2223	604	0.009784
 359	FT911-3417	605	0.009781
 359	FT911-4614	606	0.009724
 359	FT911-4140	607	0.009665
 359	FT911-3003	608	0.009652
 359	FT911-3468	609	0.009645
 359	FT911-1411	610	0.009635
 359	FT911-3742	611	0.009629
 359	FT911-5122	612	0.009626
 359	FT911-5206	613	0.009607
 359	FT911-141	614	0.009602
 359	FT911-4092	615	0.009593
 359	FT911-5269	616	0.009588
 359	FT911-4907	617	0.009583
 359	FT911-2545	618	0.009573
 359	FT911-5035	619	0.009568
 359	FT911-1792	620	0.009558
 359	FT911-3407	621	0.009551
 359	FT911-143	622	0.009504
 359	FT911-727	623	0.009440
 359	FT911-1682	624	0.009422
 359	FT911-564	625	0.009415
 359	FT911-2438	626	0.009408
 359	FT911-4433	627	0.009397
 359	FT911-3623	628	0.009385
 359	FT911-810	629	0.009384
 359	FT911-2636	630	0.009372
 359	FT911-4839	631	0.009361
 359	FT911-5137	632	0.009316
 359	FT911-1815	633	0.009301
 359	FT911-4058	634	0.009296
 359	FT911-1405	635	0.009291
 359	FT911-1389	636	0.009261
 359	FT911-1623	637	0.009252
 359	FT911-2185	638	0.009240
 359	FT911-2181	639	0.009193
 359	FT911-2693	640	0.009188
 359	FT911-2561	641	0.009179
 359	FT911-3672	642	0.009157
 359	FT911-4253	643	0.009135
 359	FT911-4353	644	0.009018
 359	FT911-4177	645	0.008899
 359	FT911-2996	646	0.008866
 359	FT911-151	647	0.008851
 359	FT911-1978	648	0.008794
 359	FT911-1763	649	0.008746
 359	FT911-4102	650	0.008709
 359	FT911-3259	651	0.008707
 359	FT911-1531	652	0.008693
 359	FT911-1546	653	0.008615
 359	FT911-1945	654	0.008615
 359	FT911-2017	655	0.008599
 359	FT911-3787	656	0.008598
 359	FT911-2893	657	0.008580
 359	FT911-4921	658	0.008575
 359	FT911-1124	659	0.008485
 359	FT911-2625	660	0.008484
 359	FT911-36	661	0.008466
 359	FT911-4121	662	0.008416
 359	FT911-1924	663	0.008411
 359	FT911-2539	664	0.008377
 359	FT911-2064	665	0.008357
 359	FT911-5232	666	0.008303
 359	FT911-4076	667	0.008288
 359	FT911-2833	668	0.008244
 359	FT911-4463	669	0.008233
 359	FT911-324	670	0.008200
 359	FT911-5052	671	0.008183
 359	FT911-3023	672	0.008145
 359	FT911-3726	673	0.008113
 359	FT911-1946	674	0.008108
 359	FT911-5117	675	0.008090
 359	FT911-2069	676	0.008082
 359	FT911-3018	677	0.008066
 359	FT911-439	678	0.008043
 359	FT911-5020	679	0.008036
 359	FT911-2717	680	0.007995
 359	FT911-5338	681	0.007980
 359	FT911-1248	682	0.007964
 359	FT911-548	683	0.007964
 359	FT911-3711	684	0.007936
 359	FT911-1408	685	0.007905
 359	FT911-3804	686	0.007885
 359	FT911-3585	687	0.007873
 359	FT911-3570	688	0.007856
 359	FT911-4025	689	0.007845
 359	FT911-3567	690	0.007838
 359	FT911-1241	691	0.007832
 359	FT911-2650	692	0.007829
 359	FT911-550	693	0.007826
 359	FT911-2368	694	0.007792
 359	FT911-2922	695	0.007791
 359	FT911-1042	696	0.007756
 359	FT911-640	697	0.007755
 359	FT911-3362	698	0.007699
 359	FT911-4863	699	0.007691
 359	FT911-1314	700	0.007672
 359	FT911-4625	701	0.007635
 359	FT911-2995	702	0.007613
 359	FT911-2548	703	0.007584
 359	FT911-3654	704	0.007572
 359	FT911-248	705	0.007550
 359	FT911-5317	706	0.007536
 359	FT911-1226	707	0.007464
 359	FT911-4216	708	0.007462
 359	FT911-1715	709	0.007460
 359	FT911-3693	710	0.007409
 359	FT911-3491	711	0.007397
 359	FT911-4553	712	0.007347
 359	FT911-1191	713	0.007343
 359	FT911-1316	714	0.007343
 359	FT911-845	715	0.007337
 359	FT911-1245	716	0.007306
 359	FT911-4720	717	0.007300
 359	FT911-1592	718	0.007299
 359	FT911-2053	719	0.007262
 359	FT911-336	720	0.007260
 359	FT911-2027	721	0.007241
 359	FT911-4702	722	0.007191
 359	FT911-5359	723	0.007171
 359	FT911-5038	724	0.007166
 359	FT911-5015	725	0.007162
 359	FT911-1092	726	0.007149
 359	FT911-3947	727	0.007107
 359	FT911-4798	728	0.007072
 359	FT911-328	729	0.007053
 359	FT911-4186	730	0.007045
 359	FT911-4894	731	0.007041
 359	FT911-21	732	0.007026
 359	FT911-4890	733	0.007009
 359	FT911-4193	734	0.006976
 359	FT911-5116	735	0.006925
 359	FT911-3543	736	0.006886
 359	FT911-3418	737	0.006854
 359	FT911-4663	738	0.006828
 359	FT911-2556	739	0.006825
 359	FT911-3154	740	0.006802
 359	FT911-3402	741	0.006763
 359	FT911-4970	742	0.006758
 359	FT911-4005	743	0.006746
 359	FT911-1689	744	0.006745
 359	FT911-4869	745	0.006712
 359	FT911-1950	746	0.006706
 359	FT911-949	747	0.006650
 359	FT911-2851	748	0.006602
 359	FT911-3795	749	0.006590
 359	FT911-912	750	0.006555
 359	FT911-4981	751	0.006546
 359	FT911-3655	752	0.006513
 359	FT911-3782	753	0.006504
 359	FT911-5041	754	0.006473
 359	FT911-2674	755	0.006465
 359	FT911-3395	756	0.006443
 359	FT911-351	757	0.006442
 359	FT911-902	758	0.006435
 359	FT911-4790	759	0.006432
 359	FT911-3535	760	0.006421
 359	FT911-4384	761	0.006414
 359	FT911-1581	762	0.006388
 359	FT911-5185	763	0.006378
 359	FT911-1962	764	0.006342
 359	FT911-1534	765	0.006332
 359	FT911-5103	766	0.006327
 359	FT911-4009	767	0.006312
 359	FT911-1642	768	0.006305
 359	FT911-4103	769	0.006264
 359	FT911-380	770	0.006221
 359	FT911-2698	771	0.006172
 359	FT911-2853	772	0.006159
 359	FT911-760	773	0.006082
 359	FT911-1109	774	0.006077
 359	FT911-842	775	0.006034
 359	FT911-2991	776	0.005976
 359	FT911-312	777	0.005964
 359	FT911-4318	778	0.005902
 359	FT911-265	779	0.005901
 359	FT911-4794	780	0.005887
 359	FT911-2543	781	0.005864
 359	FT911-157	782	0.005839
 359	FT911-2823	783	0.005820
 359	FT911-3793	784	0.005815
 359	FT911-1535	785	0.005800
 359	FT911-2692	786	0.005714
 359	FT911-3927	787	0.005650
 359	FT911-4487	788	0.005643
 359	FT911-5036	789	0.005635
 359	FT911-4017	790	0.005610
 359	FT911-2624	791	0.005591
 359	FT911-1318	792	0.005549
 359	FT911-2067	793	0.005513
 359	FT911-5294	794	0.005512
 359	FT911-2987	795	0.005509
 359	FT911-1954	796	0.005492
 359	FT911-241	797	0.005400
 359	FT911-3432	798	0.005399
 359	FT911-4059	799	0.005391
 359	FT911-1455	800	0.005382
 359	FT911-3304	801	0.005354
 359	FT911-3443	802	0.005258
 359	FT911-169	803	0.005226
 359	FT911-3156	804	0.005167
 359	FT911-377	805	0.005134
 359	FT911-1247	806	0.005130
 359	FT911-755	807	0.005130
 359	FT911-414	808	0.005128
 359	FT911-3323	809	0.005101
 359	FT911-466	810	0.005101
 359	FT911-3437	811	0.005048
 359	FT911-4263	812	0.005042
 359	FT911-383	813	0.005042
 359	FT911-1979	814	0.004951
 359	FT911-1304	815	0.004930
 359	FT911-540	816	0.004908
 359	FT911-3398	817	0.004895
 359	FT911-3008	818	0.004886
 359	FT911-3484	819	0.004829
 359	FT911-3792	820	0.004747
 359	FT911-1501	821	0.004731
 359	FT911-354	822	0.004696
 359	FT911-374	823	0.004695
 359	FT911-3897	824	0.004617
 359	FT911-370	825	0.004607
 359	FT911-2951	826	0.004584
 359	FT911-3791	827	0.004548
 359	FT911-4134	828	0.004502
 359	FT911-2809	829	0.004496
 359	FT911-770	830	0.004443
 359	FT911-1617	831	0.004417
 359	FT911-2962	832	0.004395
 359	FT911-3786	833	0.004389
 359	FT911-1780	834	0.004332
 359	FT911-3006	835	0.004310
 359	FT911-4797	836	0.004304
 359	FT911-3533	837	0.004274
 359	FT911-1522	838	0.004259
 359	FT911-3450	839	0.004237
 359	FT911-756	840	0.004236
 359	FT911-3435	841	0.004235
 359	FT911-855	842	0.004172
 359	FT911-311	843	0.004115
 359	FT911-1681	844	0.004062
 359	FT911-3446	845	0.004061
 359	FT911-3459	846	0.003999
 359	FT911-3408	847	0.003991
 359	FT911-3918	848	0.003937
 359	FT911-1078	849	0.003931
 359	FT911-186	850	0.003884
 359	FT911-4190	851	0.003881
 359	FT911-5177	852	0.003778
 359	FT911-3907	853	0.003762
 359	FT911-2551	854	0.003693
 359	FT911-4458	855	0.003652
 359	FT911-1508	856	0.003585
 359	FT911-1223	857	0.003555
 359	FT911-1063	858	0.003513
 359	FT911-4791	859	0.003495
 359	FT911-484	860	0.003412
 359	FT911-478	861	0.003407
 359	FT911-5042	862	0.003388
 359	FT911-2620	863	0.003333
 359	FT911-4801	864	0.003326
 359	FT911-4067	865	0.003306
 359	FT911-2118	866	0.003229
 359	FT911-133	867	0.003193
 359	FT911-382	868	0.003131
 359	FT911-1595	869	0.003131
 359	FT911-1006	870	0.003104
 359	FT911-498	871	0.003063
 359	FT911-1773	872	0.003061
 359	FT911-1370	873	0.002780
 359	FT911-5350	874	0.002717
 359	FT911-4057	875	0.002629
 359	FT911-4753	876	0.002364
 359	FT911-188	877	0.002323
 359	FT911-2661	878	0.000884
